"cost" "thr" "target.size" "theta" "h2" "Ne" "mu" "rho" "b" "gamma" "env.sd" "norm.prev"
"1" 0.01 75508.1337596291 1e+05 0.004 0.5 1000 1e-06 0.377540668798145 0.244918662403709 0.5 5.01723618389015 0.164193727383319
"2" 0.04 75508.1337596291 1e+05 0.004 0.5 1000 1e-06 0.377540668798145 0.244918662403709 0.5 5.01723618389015 0.0267563542846463
"3" 0.07 75508.1337596291 1e+05 0.004 0.5 1000 1e-06 0.377540668798145 0.244918662403709 0.5 5.01723618389015 0.0138465941156809
"4" 0.1 75508.1337596291 1e+05 0.004 0.5 1000 1e-06 0.377540668798145 0.244918662403709 0.5 5.01723618389015 0.00918552105920001
"5" 0.13 75508.1337596291 1e+05 0.004 0.5 1000 1e-06 0.377540668798145 0.244918662403709 0.5 5.01723618389015 0.00681615843777283
"6" 0.16 75508.1337596291 1e+05 0.004 0.5 1000 1e-06 0.377540668798145 0.244918662403709 0.5 5.01723618389015 0.00539243896054753
"7" 0.19 75508.1337596291 1e+05 0.004 0.5 1000 1e-06 0.377540668798145 0.244918662403709 0.5 5.01723618389015 0.00444666394405346
"8" 0.22 75508.1337596291 1e+05 0.004 0.5 1000 1e-06 0.377540668798145 0.244918662403709 0.5 5.01723618389015 0.00377477137029791
"9" 0.25 75508.1337596291 1e+05 0.004 0.5 1000 1e-06 0.377540668798145 0.244918662403709 0.5 5.01723618389015 0.00327391295382029
"10" 0.28 75508.1337596291 1e+05 0.004 0.5 1000 1e-06 0.377540668798145 0.244918662403709 0.5 5.01723618389015 0.00288677592201447
"11" 0.31 75508.1337596291 1e+05 0.004 0.5 1000 1e-06 0.377540668798145 0.244918662403709 0.5 5.01723618389015 0.00257895980140888
"12" 0.34 75508.1337596291 1e+05 0.004 0.5 1000 1e-06 0.377540668798145 0.244918662403709 0.5 5.01723618389015 0.00232859905863925
"13" 0.37 75508.1337596291 1e+05 0.004 0.5 1000 1e-06 0.377540668798145 0.244918662403709 0.5 5.01723618389015 0.00212114714898004
"14" 0.4 75508.1337596291 1e+05 0.004 0.5 1000 1e-06 0.377540668798145 0.244918662403709 0.5 5.01723618389015 0.00194655999729121
"15" 0.43 75508.1337596291 1e+05 0.004 0.5 1000 1e-06 0.377540668798145 0.244918662403709 0.5 5.01723618389015 0.0017976845741251
"16" 0.46 75508.1337596291 1e+05 0.004 0.5 1000 1e-06 0.377540668798145 0.244918662403709 0.5 5.01723618389015 0.00166929188718956
"17" 0.49 75508.1337596291 1e+05 0.004 0.5 1000 1e-06 0.377540668798145 0.244918662403709 0.5 5.01723618389015 0.00155747295253938
"18" 0.52 75508.1337596291 1e+05 0.004 0.5 1000 1e-06 0.377540668798145 0.244918662403709 0.5 5.01723618389015 0.00145924838276412
"19" 0.55 75508.1337596291 1e+05 0.004 0.5 1000 1e-06 0.377540668798145 0.244918662403709 0.5 5.01723618389015 0.00137230849464898
"20" 0.58 75508.1337596291 1e+05 0.004 0.5 1000 1e-06 0.377540668798145 0.244918662403709 0.5 5.01723618389015 0.00129483579554679
"21" 0.61 75508.1337596291 1e+05 0.004 0.5 1000 1e-06 0.377540668798145 0.244918662403709 0.5 5.01723618389015 0.00122538096153624
"22" 0.64 75508.1337596291 1e+05 0.004 0.5 1000 1e-06 0.377540668798145 0.244918662403709 0.5 5.01723618389015 0.00116277443122426
"23" 0.67 75508.1337596291 1e+05 0.004 0.5 1000 1e-06 0.377540668798145 0.244918662403709 0.5 5.01723618389015 0.00110606224718957
"24" 0.7 75508.1337596291 1e+05 0.004 0.5 1000 1e-06 0.377540668798145 0.244918662403709 0.5 5.01723618389015 0.00105445873808163
"25" 0.73 75508.1337596291 1e+05 0.004 0.5 1000 1e-06 0.377540668798145 0.244918662403709 0.5 5.01723618389015 0.00100731110896202
"26" 0.76 75508.1337596291 1e+05 0.004 0.5 1000 1e-06 0.377540668798145 0.244918662403709 0.5 5.01723618389015 0.00096407259014486
"27" 0.79 75508.1337596291 1e+05 0.004 0.5 1000 1e-06 0.377540668798145 0.244918662403709 0.5 5.01723618389015 0.000924281828725948
"28" 0.82 75508.1337596291 1e+05 0.004 0.5 1000 1e-06 0.377540668798145 0.244918662403709 0.5 5.01723618389015 0.000887546895576241
"29" 0.85 75508.1337596291 1e+05 0.004 0.5 1000 1e-06 0.377540668798145 0.244918662403709 0.5 5.01723618389015 0.000853532747306152
"30" 0.88 75508.1337596291 1e+05 0.004 0.5 1000 1e-06 0.377540668798145 0.244918662403709 0.5 5.01723618389015 0.000821951304189716
"31" 0.91 75508.1337596291 1e+05 0.004 0.5 1000 1e-06 0.377540668798145 0.244918662403709 0.5 5.01723618389015 0.000792553529785134
"32" 0.94 75508.1337596291 1e+05 0.004 0.5 1000 1e-06 0.377540668798145 0.244918662403709 0.5 5.01723618389015 0.000765123057266504
"33" 0.97 75508.1337596291 1e+05 0.004 0.5 1000 1e-06 0.377540668798145 0.244918662403709 0.5 5.01723618389015 0.000739471021803384
"34" 1 75508.1337596291 1e+05 0.004 0.5 1000 1e-06 0.377540668798145 0.244918662403709 0.5 5.01723618389015 0.000715431841346148
"35" 0.01 36485.1047612713 1e+05 0.004 0.5 1000 1e-06 0.182425523806356 0.635148952387287 1.5 8.80663584476699 NA
"36" 0.04 36485.1047612713 1e+05 0.004 0.5 1000 1e-06 0.182425523806356 0.635148952387287 1.5 8.80663584476699 0.097709112890213
"37" 0.07 36485.1047612713 1e+05 0.004 0.5 1000 1e-06 0.182425523806356 0.635148952387287 1.5 8.80663584476699 0.047264017374863
"38" 0.1 36485.1047612713 1e+05 0.004 0.5 1000 1e-06 0.182425523806356 0.635148952387287 1.5 8.80663584476699 0.0305205208579091
"39" 0.13 36485.1047612713 1e+05 0.004 0.5 1000 1e-06 0.182425523806356 0.635148952387287 1.5 8.80663584476699 0.022301341224379
"40" 0.16 36485.1047612713 1e+05 0.004 0.5 1000 1e-06 0.182425523806356 0.635148952387287 1.5 8.80663584476699 0.0174620907594859
"41" 0.19 36485.1047612713 1e+05 0.004 0.5 1000 1e-06 0.182425523806356 0.635148952387287 1.5 8.80663584476699 0.0142913021594246
"42" 0.22 36485.1047612713 1e+05 0.004 0.5 1000 1e-06 0.182425523806356 0.635148952387287 1.5 8.80663584476699 0.0120613723862862
"43" 0.25 36485.1047612713 1e+05 0.004 0.5 1000 1e-06 0.182425523806356 0.635148952387287 1.5 8.80663584476699 0.0104120581292158
"44" 0.28 36485.1047612713 1e+05 0.004 0.5 1000 1e-06 0.182425523806356 0.635148952387287 1.5 8.80663584476699 0.00914524773334202
"45" 0.31 36485.1047612713 1e+05 0.004 0.5 1000 1e-06 0.182425523806356 0.635148952387287 1.5 8.80663584476699 0.00814325133318228
"46" 0.34 36485.1047612713 1e+05 0.004 0.5 1000 1e-06 0.182425523806356 0.635148952387287 1.5 8.80663584476699 0.00733188604567214
"47" 0.37 36485.1047612713 1e+05 0.004 0.5 1000 1e-06 0.182425523806356 0.635148952387287 1.5 8.80663584476699 0.00666214203552395
"48" 0.4 36485.1047612713 1e+05 0.004 0.5 1000 1e-06 0.182425523806356 0.635148952387287 1.5 8.80663584476699 0.0061003783406649
"49" 0.43 36485.1047612713 1e+05 0.004 0.5 1000 1e-06 0.182425523806356 0.635148952387287 1.5 8.80663584476699 0.00562275894023101
"50" 0.46 36485.1047612713 1e+05 0.004 0.5 1000 1e-06 0.182425523806356 0.635148952387287 1.5 8.80663584476699 0.00521193687513455
"51" 0.49 36485.1047612713 1e+05 0.004 0.5 1000 1e-06 0.182425523806356 0.635148952387287 1.5 8.80663584476699 0.00485499538978296
"52" 0.52 36485.1047612713 1e+05 0.004 0.5 1000 1e-06 0.182425523806356 0.635148952387287 1.5 8.80663584476699 0.00454212416337996
"53" 0.55 36485.1047612713 1e+05 0.004 0.5 1000 1e-06 0.182425523806356 0.635148952387287 1.5 8.80663584476699 0.00426574218462317
"54" 0.58 36485.1047612713 1e+05 0.004 0.5 1000 1e-06 0.182425523806356 0.635148952387287 1.5 8.80663584476699 0.00401990114033923
"55" 0.61 36485.1047612713 1e+05 0.004 0.5 1000 1e-06 0.182425523806356 0.635148952387287 1.5 8.80663584476699 0.00379987014885597
"56" 0.64 36485.1047612713 1e+05 0.004 0.5 1000 1e-06 0.182425523806356 0.635148952387287 1.5 8.80663584476699 0.00360184075428338
"57" 0.67 36485.1047612713 1e+05 0.004 0.5 1000 1e-06 0.182425523806356 0.635148952387287 1.5 8.80663584476699 0.00342271349965317
"58" 0.7 36485.1047612713 1e+05 0.004 0.5 1000 1e-06 0.182425523806356 0.635148952387287 1.5 8.80663584476699 0.00325994097124926
"59" 0.73 36485.1047612713 1e+05 0.004 0.5 1000 1e-06 0.182425523806356 0.635148952387287 1.5 8.80663584476699 0.00311141065295661
"60" 0.76 36485.1047612713 1e+05 0.004 0.5 1000 1e-06 0.182425523806356 0.635148952387287 1.5 8.80663584476699 0.00297535631185963
"61" 0.79 36485.1047612713 1e+05 0.004 0.5 1000 1e-06 0.182425523806356 0.635148952387287 1.5 8.80663584476699 0.0028502901407288
"62" 0.82 36485.1047612713 1e+05 0.004 0.5 1000 1e-06 0.182425523806356 0.635148952387287 1.5 8.80663584476699 0.00273495020970282
"63" 0.85 36485.1047612713 1e+05 0.004 0.5 1000 1e-06 0.182425523806356 0.635148952387287 1.5 8.80663584476699 0.00262825935194266
"64" 0.88 36485.1047612713 1e+05 0.004 0.5 1000 1e-06 0.182425523806356 0.635148952387287 1.5 8.80663584476699 0.00252929268825941
"65" 0.91 36485.1047612713 1e+05 0.004 0.5 1000 1e-06 0.182425523806356 0.635148952387287 1.5 8.80663584476699 0.00243725174899934
"66" 0.94 36485.1047612713 1e+05 0.004 0.5 1000 1e-06 0.182425523806356 0.635148952387287 1.5 8.80663584476699 0.00235144368406992
"67" 0.97 36485.1047612713 1e+05 0.004 0.5 1000 1e-06 0.182425523806356 0.635148952387287 1.5 8.80663584476699 0.00227126443341308
"68" 1 36485.1047612713 1e+05 0.004 0.5 1000 1e-06 0.182425523806356 0.635148952387287 1.5 8.80663584476699 0.00219618500665852
"69" 0.01 15171.6360042487 1e+05 0.004 0.5 1000 1e-06 0.0758581800212435 0.848283639957513 2.5 11.3259872992158 NA
"70" 0.04 15171.6360042487 1e+05 0.004 0.5 1000 1e-06 0.0758581800212435 0.848283639957513 2.5 11.3259872992158 0.174634899284117
"71" 0.07 15171.6360042487 1e+05 0.004 0.5 1000 1e-06 0.0758581800212435 0.848283639957513 2.5 11.3259872992158 0.0788918320798009
"72" 0.1 15171.6360042487 1e+05 0.004 0.5 1000 1e-06 0.0758581800212435 0.848283639957513 2.5 11.3259872992158 0.0499014654915969
"73" 0.13 15171.6360042487 1e+05 0.004 0.5 1000 1e-06 0.0758581800212435 0.848283639957513 2.5 11.3259872992158 0.036074970705459
"74" 0.16 15171.6360042487 1e+05 0.004 0.5 1000 1e-06 0.0758581800212435 0.848283639957513 2.5 11.3259872992158 0.0280565467015366
"75" 0.19 15171.6360042487 1e+05 0.004 0.5 1000 1e-06 0.0758581800212435 0.848283639957513 2.5 11.3259872992158 0.0228529919457503
"76" 0.22 15171.6360042487 1e+05 0.004 0.5 1000 1e-06 0.0758581800212435 0.848283639957513 2.5 11.3259872992158 0.0192182061137605
"77" 0.25 15171.6360042487 1e+05 0.004 0.5 1000 1e-06 0.0758581800212435 0.848283639957513 2.5 11.3259872992158 0.0165435055749571
"78" 0.28 15171.6360042487 1e+05 0.004 0.5 1000 1e-06 0.0758581800212435 0.848283639957513 2.5 11.3259872992158 0.0144973453703016
"79" 0.31 15171.6360042487 1e+05 0.004 0.5 1000 1e-06 0.0758581800212435 0.848283639957513 2.5 11.3259872992158 0.0128841900604605
"80" 0.34 15171.6360042487 1e+05 0.004 0.5 1000 1e-06 0.0758581800212435 0.848283639957513 2.5 11.3259872992158 0.0115814910473642
"81" 0.37 15171.6360042487 1e+05 0.004 0.5 1000 1e-06 0.0758581800212435 0.848283639957513 2.5 11.3259872992158 0.0105086609216419
"82" 0.4 15171.6360042487 1e+05 0.004 0.5 1000 1e-06 0.0758581800212435 0.848283639957513 2.5 11.3259872992158 0.00961059776421902
"83" 0.43 15171.6360042487 1e+05 0.004 0.5 1000 1e-06 0.0758581800212435 0.848283639957513 2.5 11.3259872992158 0.0088483882179925
"84" 0.46 15171.6360042487 1e+05 0.004 0.5 1000 1e-06 0.0758581800212435 0.848283639957513 2.5 11.3259872992158 0.00819379321811209
"85" 0.49 15171.6360042487 1e+05 0.004 0.5 1000 1e-06 0.0758581800212435 0.848283639957513 2.5 11.3259872992158 0.00762583798989946
"86" 0.52 15171.6360042487 1e+05 0.004 0.5 1000 1e-06 0.0758581800212435 0.848283639957513 2.5 11.3259872992158 0.00712862721743179
"87" 0.55 15171.6360042487 1e+05 0.004 0.5 1000 1e-06 0.0758581800212435 0.848283639957513 2.5 11.3259872992158 0.0066899018160641
"88" 0.58 15171.6360042487 1e+05 0.004 0.5 1000 1e-06 0.0758581800212435 0.848283639957513 2.5 11.3259872992158 0.00630005992584759
"89" 0.61 15171.6360042487 1e+05 0.004 0.5 1000 1e-06 0.0758581800212435 0.848283639957513 2.5 11.3259872992158 0.00595147713139266
"90" 0.64 15171.6360042487 1e+05 0.004 0.5 1000 1e-06 0.0758581800212435 0.848283639957513 2.5 11.3259872992158 0.00563802459763163
"91" 0.67 15171.6360042487 1e+05 0.004 0.5 1000 1e-06 0.0758581800212435 0.848283639957513 2.5 11.3259872992158 0.00535472114516189
"92" 0.7 15171.6360042487 1e+05 0.004 0.5 1000 1e-06 0.0758581800212435 0.848283639957513 2.5 11.3259872992158 0.00509747784430181
"93" 0.73 15171.6360042487 1e+05 0.004 0.5 1000 1e-06 0.0758581800212435 0.848283639957513 2.5 11.3259872992158 0.00486290770427955
"94" 0.76 15171.6360042487 1e+05 0.004 0.5 1000 1e-06 0.0758581800212435 0.848283639957513 2.5 11.3259872992158 0.00464818193188044
"95" 0.79 15171.6360042487 1e+05 0.004 0.5 1000 1e-06 0.0758581800212435 0.848283639957513 2.5 11.3259872992158 0.00445092001436653
"96" 0.82 15171.6360042487 1e+05 0.004 0.5 1000 1e-06 0.0758581800212435 0.848283639957513 2.5 11.3259872992158 0.00426910471150166
"97" 0.85 15171.6360042487 1e+05 0.004 0.5 1000 1e-06 0.0758581800212435 0.848283639957513 2.5 11.3259872992158 0.0041010156251865
"98" 0.88 15171.6360042487 1e+05 0.004 0.5 1000 1e-06 0.0758581800212435 0.848283639957513 2.5 11.3259872992158 0.0039451767870271
"99" 0.91 15171.6360042487 1e+05 0.004 0.5 1000 1e-06 0.0758581800212435 0.848283639957513 2.5 11.3259872992158 0.00380031493772115
"100" 0.94 15171.6360042487 1e+05 0.004 0.5 1000 1e-06 0.0758581800212435 0.848283639957513 2.5 11.3259872992158 0.00366532604302883
"101" 0.97 15171.6360042487 1e+05 0.004 0.5 1000 1e-06 0.0758581800212435 0.848283639957513 2.5 11.3259872992158 0.0035392482139105
"102" 1 15171.6360042487 1e+05 0.004 0.5 1000 1e-06 0.0758581800212435 0.848283639957513 2.5 11.3259872992158 0.00342123964917962
"103" 0.01 5862.44615027126 1e+05 0.004 0.5 1000 1e-06 0.0293122307513563 0.941375538497287 3.5 13.7697087633566 NA
"104" 0.04 5862.44615027126 1e+05 0.004 0.5 1000 1e-06 0.0293122307513563 0.941375538497287 3.5 13.7697087633566 0.254649035897077
"105" 0.07 5862.44615027126 1e+05 0.004 0.5 1000 1e-06 0.0293122307513563 0.941375538497287 3.5 13.7697087633566 0.10621848269894
"106" 0.1 5862.44615027126 1e+05 0.004 0.5 1000 1e-06 0.0293122307513563 0.941375538497287 3.5 13.7697087633566 0.0660312658310224
"107" 0.13 5862.44615027126 1e+05 0.004 0.5 1000 1e-06 0.0293122307513563 0.941375538497287 3.5 13.7697087633566 0.0473437617659463
"108" 0.16 5862.44615027126 1e+05 0.004 0.5 1000 1e-06 0.0293122307513563 0.941375538497287 3.5 13.7697087633566 0.0366373141995888
"109" 0.19 5862.44615027126 1e+05 0.004 0.5 1000 1e-06 0.0293122307513563 0.941375538497287 3.5 13.7697087633566 0.0297404780116237
"110" 0.22 5862.44615027126 1e+05 0.004 0.5 1000 1e-06 0.0293122307513563 0.941375538497287 3.5 13.7697087633566 0.0249471836699451
"111" 0.25 5862.44615027126 1e+05 0.004 0.5 1000 1e-06 0.0293122307513563 0.941375538497287 3.5 13.7697087633566 0.0214330871934109
"112" 0.28 5862.44615027126 1e+05 0.004 0.5 1000 1e-06 0.0293122307513563 0.941375538497287 3.5 13.7697087633566 0.0187525244793746
"113" 0.31 5862.44615027126 1e+05 0.004 0.5 1000 1e-06 0.0293122307513563 0.941375538497287 3.5 13.7697087633566 0.0166441050896624
"114" 0.34 5862.44615027126 1e+05 0.004 0.5 1000 1e-06 0.0293122307513563 0.941375538497287 3.5 13.7697087633566 0.0149447072723583
"115" 0.37 5862.44615027126 1e+05 0.004 0.5 1000 1e-06 0.0293122307513563 0.941375538497287 3.5 13.7697087633566 0.0135474311515181
"116" 0.4 5862.44615027126 1e+05 0.004 0.5 1000 1e-06 0.0293122307513563 0.941375538497287 3.5 13.7697087633566 0.012379390503547
"117" 0.43 5862.44615027126 1e+05 0.004 0.5 1000 1e-06 0.0293122307513563 0.941375538497287 3.5 13.7697087633566 0.0113892352896
"118" 0.46 5862.44615027126 1e+05 0.004 0.5 1000 1e-06 0.0293122307513563 0.941375538497287 3.5 13.7697087633566 0.0105397773509596
"119" 0.49 5862.44615027126 1e+05 0.004 0.5 1000 1e-06 0.0293122307513563 0.941375538497287 3.5 13.7697087633566 0.00980344389246834
"120" 0.52 5862.44615027126 1e+05 0.004 0.5 1000 1e-06 0.0293122307513563 0.941375538497287 3.5 13.7697087633566 0.00915937198177774
"121" 0.55 5862.44615027126 1e+05 0.004 0.5 1000 1e-06 0.0293122307513563 0.941375538497287 3.5 13.7697087633566 0.0085914935686574
"122" 0.58 5862.44615027126 1e+05 0.004 0.5 1000 1e-06 0.0293122307513563 0.941375538497287 3.5 13.7697087633566 0.00808723902191621
"123" 0.61 5862.44615027126 1e+05 0.004 0.5 1000 1e-06 0.0293122307513563 0.941375538497287 3.5 13.7697087633566 0.00763663849194318
"124" 0.64 5862.44615027126 1e+05 0.004 0.5 1000 1e-06 0.0293122307513563 0.941375538497287 3.5 13.7697087633566 0.00723168590327494
"125" 0.67 5862.44615027126 1e+05 0.004 0.5 1000 1e-06 0.0293122307513563 0.941375538497287 3.5 13.7697087633566 0.00686588037874303
"126" 0.7 5862.44615027126 1e+05 0.004 0.5 1000 1e-06 0.0293122307513563 0.941375538497287 3.5 13.7697087633566 0.00653389003593718
"127" 0.73 5862.44615027126 1e+05 0.004 0.5 1000 1e-06 0.0293122307513563 0.941375538497287 3.5 13.7697087633566 0.00623130176336095
"128" 0.76 5862.44615027126 1e+05 0.004 0.5 1000 1e-06 0.0293122307513563 0.941375538497287 3.5 13.7697087633566 0.00595443242871541
"129" 0.79 5862.44615027126 1e+05 0.004 0.5 1000 1e-06 0.0293122307513563 0.941375538497287 3.5 13.7697087633566 0.00570018465443523
"130" 0.82 5862.44615027126 1e+05 0.004 0.5 1000 1e-06 0.0293122307513563 0.941375538497287 3.5 13.7697087633566 0.00546593537847673
"131" 0.85 5862.44615027126 1e+05 0.004 0.5 1000 1e-06 0.0293122307513563 0.941375538497287 3.5 13.7697087633566 0.00524944884257417
"132" 0.88 5862.44615027126 1e+05 0.004 0.5 1000 1e-06 0.0293122307513563 0.941375538497287 3.5 13.7697087633566 0.00504880799549134
"133" 0.91 5862.44615027126 1e+05 0.004 0.5 1000 1e-06 0.0293122307513563 0.941375538497287 3.5 13.7697087633566 0.0048623599297678
"134" 0.94 5862.44615027126 1e+05 0.004 0.5 1000 1e-06 0.0293122307513563 0.941375538497287 3.5 13.7697087633566 0.00468867212067314
"135" 0.97 5862.44615027126 1e+05 0.004 0.5 1000 1e-06 0.0293122307513563 0.941375538497287 3.5 13.7697087633566 0.00452649705784736
"136" 1 5862.44615027126 1e+05 0.004 0.5 1000 1e-06 0.0293122307513563 0.941375538497287 3.5 13.7697087633566 0.0043747434543151
"137" 0.01 2197.38852611864 1e+05 0.004 0.5 1000 1e-06 0.0109869426305932 0.978026114738814 4.5 17.5694359453035 NA
"138" 0.04 2197.38852611864 1e+05 0.004 0.5 1000 1e-06 0.0109869426305932 0.978026114738814 4.5 17.5694359453035 0.351193626612528
"139" 0.07 2197.38852611864 1e+05 0.004 0.5 1000 1e-06 0.0109869426305932 0.978026114738814 4.5 17.5694359453035 0.130331538725195
"140" 0.1 2197.38852611864 1e+05 0.004 0.5 1000 1e-06 0.0109869426305932 0.978026114738814 4.5 17.5694359453035 0.0797699449187135
"141" 0.13 2197.38852611864 1e+05 0.004 0.5 1000 1e-06 0.0109869426305932 0.978026114738814 4.5 17.5694359453035 0.0568036370162814
"142" 0.16 2197.38852611864 1e+05 0.004 0.5 1000 1e-06 0.0109869426305932 0.978026114738814 4.5 17.5694359453035 0.0437821994773901
"143" 0.19 2197.38852611864 1e+05 0.004 0.5 1000 1e-06 0.0109869426305932 0.978026114738814 4.5 17.5694359453035 0.0354450406678393
"144" 0.22 2197.38852611864 1e+05 0.004 0.5 1000 1e-06 0.0109869426305932 0.978026114738814 4.5 17.5694359453035 0.0296742747220231
"145" 0.25 2197.38852611864 1e+05 0.004 0.5 1000 1e-06 0.0109869426305932 0.978026114738814 4.5 17.5694359453035 0.0254560400779325
"146" 0.28 2197.38852611864 1e+05 0.004 0.5 1000 1e-06 0.0109869426305932 0.978026114738814 4.5 17.5694359453035 0.0222456211723775
"147" 0.31 2197.38852611864 1e+05 0.004 0.5 1000 1e-06 0.0109869426305932 0.978026114738814 4.5 17.5694359453035 0.0197249740675982
"148" 0.34 2197.38852611864 1e+05 0.004 0.5 1000 1e-06 0.0109869426305932 0.978026114738814 4.5 17.5694359453035 0.0176963075697489
"149" 0.37 2197.38852611864 1e+05 0.004 0.5 1000 1e-06 0.0109869426305932 0.978026114738814 4.5 17.5694359453035 0.0160303572333865
"150" 0.4 2197.38852611864 1e+05 0.004 0.5 1000 1e-06 0.0109869426305932 0.978026114738814 4.5 17.5694359453035 0.0146391859578843
"151" 0.43 2197.38852611864 1e+05 0.004 0.5 1000 1e-06 0.0109869426305932 0.978026114738814 4.5 17.5694359453035 0.0134609561794212
"152" 0.46 2197.38852611864 1e+05 0.004 0.5 1000 1e-06 0.0109869426305932 0.978026114738814 4.5 17.5694359453035 0.0124509560528094
"153" 0.49 2197.38852611864 1e+05 0.004 0.5 1000 1e-06 0.0109869426305932 0.978026114738814 4.5 17.5694359453035 0.011576080123021
"154" 0.52 2197.38852611864 1e+05 0.004 0.5 1000 1e-06 0.0109869426305932 0.978026114738814 4.5 17.5694359453035 0.0108113093771717
"155" 0.55 2197.38852611864 1e+05 0.004 0.5 1000 1e-06 0.0109869426305932 0.978026114738814 4.5 17.5694359453035 0.0101373953996793
"156" 0.58 2197.38852611864 1e+05 0.004 0.5 1000 1e-06 0.0109869426305932 0.978026114738814 4.5 17.5694359453035 0.00953929494762551
"157" 0.61 2197.38852611864 1e+05 0.004 0.5 1000 1e-06 0.0109869426305932 0.978026114738814 4.5 17.5694359453035 0.00900508636762154
"158" 0.64 2197.38852611864 1e+05 0.004 0.5 1000 1e-06 0.0109869426305932 0.978026114738814 4.5 17.5694359453035 0.00852520362811882
"159" 0.67 2197.38852611864 1e+05 0.004 0.5 1000 1e-06 0.0109869426305932 0.978026114738814 4.5 17.5694359453035 0.00809188464344279
"160" 0.7 2197.38852611864 1e+05 0.004 0.5 1000 1e-06 0.0109869426305932 0.978026114738814 4.5 17.5694359453035 0.00769876721419716
"161" 0.73 2197.38852611864 1e+05 0.004 0.5 1000 1e-06 0.0109869426305932 0.978026114738814 4.5 17.5694359453035 0.00734058857116926
"162" 0.76 2197.38852611864 1e+05 0.004 0.5 1000 1e-06 0.0109869426305932 0.978026114738814 4.5 17.5694359453035 0.00701295887026498
"163" 0.79 2197.38852611864 1e+05 0.004 0.5 1000 1e-06 0.0109869426305932 0.978026114738814 4.5 17.5694359453035 0.00671218828828157
"164" 0.82 2197.38852611864 1e+05 0.004 0.5 1000 1e-06 0.0109869426305932 0.978026114738814 4.5 17.5694359453035 0.00643515351660273
"165" 0.85 2197.38852611864 1e+05 0.004 0.5 1000 1e-06 0.0109869426305932 0.978026114738814 4.5 17.5694359453035 0.0061791935868013
"166" 0.88 2197.38852611864 1e+05 0.004 0.5 1000 1e-06 0.0109869426305932 0.978026114738814 4.5 17.5694359453035 0.00594202779282849
"167" 0.91 2197.38852611864 1e+05 0.004 0.5 1000 1e-06 0.0109869426305932 0.978026114738814 4.5 17.5694359453035 0.00572169044121429
"168" 0.94 2197.38852611864 1e+05 0.004 0.5 1000 1e-06 0.0109869426305932 0.978026114738814 4.5 17.5694359453035 0.00551647854657578
"169" 0.97 2197.38852611864 1e+05 0.004 0.5 1000 1e-06 0.0109869426305932 0.978026114738814 4.5 17.5694359453035 0.00532490957909015
"170" 1 2197.38852611864 1e+05 0.004 0.5 1000 1e-06 0.0109869426305932 0.978026114738814 4.5 17.5694359453035 0.00514568708547314
"171" 0.01 814.027543179226 1e+05 0.004 0.5 1000 1e-06 0.00407013771589613 0.991859724568208 5.5 31.2808380507575 NA
"172" 0.04 814.027543179226 1e+05 0.004 0.5 1000 1e-06 0.00407013771589613 0.991859724568208 5.5 31.2808380507575 NA
"173" 0.07 814.027543179226 1e+05 0.004 0.5 1000 1e-06 0.00407013771589613 0.991859724568208 5.5 31.2808380507575 0.152694149225733
"174" 0.1 814.027543179226 1e+05 0.004 0.5 1000 1e-06 0.00407013771589613 0.991859724568208 5.5 31.2808380507575 0.0920715303181694
"175" 0.13 814.027543179226 1e+05 0.004 0.5 1000 1e-06 0.00407013771589613 0.991859724568208 5.5 31.2808380507575 0.0651639543659958
"176" 0.16 814.027543179226 1e+05 0.004 0.5 1000 1e-06 0.00407013771589613 0.991859724568208 5.5 31.2808380507575 0.0500523986688461
"177" 0.19 814.027543179226 1e+05 0.004 0.5 1000 1e-06 0.00407013771589613 0.991859724568208 5.5 31.2808380507575 0.0404289314160663
"178" 0.22 814.027543179226 1e+05 0.004 0.5 1000 1e-06 0.00407013771589613 0.991859724568208 5.5 31.2808380507575 0.033791271804991
"179" 0.25 814.027543179226 1e+05 0.004 0.5 1000 1e-06 0.00407013771589613 0.991859724568208 5.5 31.2808380507575 0.0289515950553357
"180" 0.28 814.027543179226 1e+05 0.004 0.5 1000 1e-06 0.00407013771589613 0.991859724568208 5.5 31.2808380507575 0.025275245234032
"181" 0.31 814.027543179226 1e+05 0.004 0.5 1000 1e-06 0.00407013771589613 0.991859724568208 5.5 31.2808380507575 0.0223931292577151
"182" 0.34 814.027543179226 1e+05 0.004 0.5 1000 1e-06 0.00407013771589613 0.991859724568208 5.5 31.2808380507575 0.0200763950184855
"183" 0.37 814.027543179226 1e+05 0.004 0.5 1000 1e-06 0.00407013771589613 0.991859724568208 5.5 31.2808380507575 0.0181758308708317
"184" 0.4 814.027543179226 1e+05 0.004 0.5 1000 1e-06 0.00407013771589613 0.991859724568208 5.5 31.2808380507575 0.0165901239995493
"185" 0.43 814.027543179226 1e+05 0.004 0.5 1000 1e-06 0.00407013771589613 0.991859724568208 5.5 31.2808380507575 0.0152481442557153
"186" 0.46 814.027543179226 1e+05 0.004 0.5 1000 1e-06 0.00407013771589613 0.991859724568208 5.5 31.2808380507575 0.0140985300035202
"187" 0.49 814.027543179226 1e+05 0.004 0.5 1000 1e-06 0.00407013771589613 0.991859724568208 5.5 31.2808380507575 0.0131032962023363
"188" 0.52 814.027543179226 1e+05 0.004 0.5 1000 1e-06 0.00407013771589613 0.991859724568208 5.5 31.2808380507575 0.0122337651217642
"189" 0.55 814.027543179226 1e+05 0.004 0.5 1000 1e-06 0.00407013771589613 0.991859724568208 5.5 31.2808380507575 0.0114678931160931
"190" 0.58 814.027543179226 1e+05 0.004 0.5 1000 1e-06 0.00407013771589613 0.991859724568208 5.5 31.2808380507575 0.0107884659965609
"191" 0.61 814.027543179226 1e+05 0.004 0.5 1000 1e-06 0.00407013771589613 0.991859724568208 5.5 31.2808380507575 0.0101818513157297
"192" 0.64 814.027543179226 1e+05 0.004 0.5 1000 1e-06 0.00407013771589613 0.991859724568208 5.5 31.2808380507575 0.00963711728217664
"193" 0.67 814.027543179226 1e+05 0.004 0.5 1000 1e-06 0.00407013771589613 0.991859724568208 5.5 31.2808380507575 0.00914539875588238
"194" 0.7 814.027543179226 1e+05 0.004 0.5 1000 1e-06 0.00407013771589613 0.991859724568208 5.5 31.2808380507575 0.00869943327395373
"195" 0.73 814.027543179226 1e+05 0.004 0.5 1000 1e-06 0.00407013771589613 0.991859724568208 5.5 31.2808380507575 0.00829321630163427
"196" 0.76 814.027543179226 1e+05 0.004 0.5 1000 1e-06 0.00407013771589613 0.991859724568208 5.5 31.2808380507575 0.00792174151430913
"197" 0.79 814.027543179226 1e+05 0.004 0.5 1000 1e-06 0.00407013771589613 0.991859724568208 5.5 31.2808380507575 0.00758080266458405
"198" 0.82 814.027543179226 1e+05 0.004 0.5 1000 1e-06 0.00407013771589613 0.991859724568208 5.5 31.2808380507575 0.00726684068446348
"199" 0.85 814.027543179226 1e+05 0.004 0.5 1000 1e-06 0.00407013771589613 0.991859724568208 5.5 31.2808380507575 0.00697682444370951
"200" 0.88 814.027543179226 1e+05 0.004 0.5 1000 1e-06 0.00407013771589613 0.991859724568208 5.5 31.2808380507575 0.00670815684740433
"201" 0.91 814.027543179226 1e+05 0.004 0.5 1000 1e-06 0.00407013771589613 0.991859724568208 5.5 31.2808380507575 0.00645860022041467
"202" 0.94 814.027543179226 1e+05 0.004 0.5 1000 1e-06 0.00407013771589613 0.991859724568208 5.5 31.2808380507575 0.00622621652114275
"203" 0.97 814.027543179226 1e+05 0.004 0.5 1000 1e-06 0.00407013771589613 0.991859724568208 5.5 31.2808380507575 0.00600931906465585
"204" 1 814.027543179226 1e+05 0.004 0.5 1000 1e-06 0.00407013771589613 0.991859724568208 5.5 31.2808380507575 0.00580643325686181
"205" 0.01 300.236451347398 1e+05 0.004 0.5 1000 1e-06 0.00150118225673699 0.996997635486526 6.5 10.1228003262248 NA
"206" 0.04 300.236451347398 1e+05 0.004 0.5 1000 1e-06 0.00150118225673699 0.996997635486526 6.5 10.1228003262248 NA
"207" 0.07 300.236451347398 1e+05 0.004 0.5 1000 1e-06 0.00150118225673699 0.996997635486526 6.5 10.1228003262248 0.174334529445161
"208" 0.1 300.236451347398 1e+05 0.004 0.5 1000 1e-06 0.00150118225673699 0.996997635486526 6.5 10.1228003262248 0.103545633015774
"209" 0.13 300.236451347398 1e+05 0.004 0.5 1000 1e-06 0.00150118225673699 0.996997635486526 6.5 10.1228003262248 0.0728656268902704
"210" 0.16 300.236451347398 1e+05 0.004 0.5 1000 1e-06 0.00150118225673699 0.996997635486526 6.5 10.1228003262248 0.0557916606291399
"211" 0.19 300.236451347398 1e+05 0.004 0.5 1000 1e-06 0.00150118225673699 0.996997635486526 6.5 10.1228003262248 0.0449726312952273
"212" 0.22 300.236451347398 1e+05 0.004 0.5 1000 1e-06 0.00150118225673699 0.996997635486526 6.5 10.1228003262248 0.0375343092182919
"213" 0.25 300.236451347398 1e+05 0.004 0.5 1000 1e-06 0.00150118225673699 0.996997635486526 6.5 10.1228003262248 0.0321231671441421
"214" 0.28 300.236451347398 1e+05 0.004 0.5 1000 1e-06 0.00150118225673699 0.996997635486526 6.5 10.1228003262248 0.0280197327881841
"215" 0.31 300.236451347398 1e+05 0.004 0.5 1000 1e-06 0.00150118225673699 0.996997635486526 6.5 10.1228003262248 0.0248071069505821
"216" 0.34 300.236451347398 1e+05 0.004 0.5 1000 1e-06 0.00150118225673699 0.996997635486526 6.5 10.1228003262248 0.0222274997795493
"217" 0.37 300.236451347398 1e+05 0.004 0.5 1000 1e-06 0.00150118225673699 0.996997635486526 6.5 10.1228003262248 0.0201131900844506
"218" 0.4 300.236451347398 1e+05 0.004 0.5 1000 1e-06 0.00150118225673699 0.996997635486526 6.5 10.1228003262248 0.018350492975716
"219" 0.43 300.236451347398 1e+05 0.004 0.5 1000 1e-06 0.00150118225673699 0.996997635486526 6.5 10.1228003262248 0.0168597054850805
"220" 0.46 300.236451347398 1e+05 0.004 0.5 1000 1e-06 0.00150118225673699 0.996997635486526 6.5 10.1228003262248 0.0155833446951658
"221" 0.49 300.236451347398 1e+05 0.004 0.5 1000 1e-06 0.00150118225673699 0.996997635486526 6.5 10.1228003262248 0.0144789421750732
"222" 0.52 300.236451347398 1e+05 0.004 0.5 1000 1e-06 0.00150118225673699 0.996997635486526 6.5 10.1228003262248 0.0135144639557483
"223" 0.55 300.236451347398 1e+05 0.004 0.5 1000 1e-06 0.00150118225673699 0.996997635486526 6.5 10.1228003262248 0.0126653058570373
"224" 0.58 300.236451347398 1e+05 0.004 0.5 1000 1e-06 0.00150118225673699 0.996997635486526 6.5 10.1228003262248 0.0119122674890767
"225" 0.61 300.236451347398 1e+05 0.004 0.5 1000 1e-06 0.00150118225673699 0.996997635486526 6.5 10.1228003262248 0.0112401529236863
"226" 0.64 300.236451347398 1e+05 0.004 0.5 1000 1e-06 0.00150118225673699 0.996997635486526 6.5 10.1228003262248 0.0106367834473775
"227" 0.67 300.236451347398 1e+05 0.004 0.5 1000 1e-06 0.00150118225673699 0.996997635486526 6.5 10.1228003262248 0.010092287744314
"228" 0.7 300.236451347398 1e+05 0.004 0.5 1000 1e-06 0.00150118225673699 0.996997635486526 6.5 10.1228003262248 0.00959858282194526
"229" 0.73 300.236451347398 1e+05 0.004 0.5 1000 1e-06 0.00150118225673699 0.996997635486526 6.5 10.1228003262248 0.00914898857660795
"230" 0.76 300.236451347398 1e+05 0.004 0.5 1000 1e-06 0.00150118225673699 0.996997635486526 6.5 10.1228003262248 0.0087379376004364
"231" 0.79 300.236451347398 1e+05 0.004 0.5 1000 1e-06 0.00150118225673699 0.996997635486526 6.5 10.1228003262248 0.00836075392209901
"232" 0.82 300.236451347398 1e+05 0.004 0.5 1000 1e-06 0.00150118225673699 0.996997635486526 6.5 10.1228003262248 0.00801348234935284
"233" 0.85 300.236451347398 1e+05 0.004 0.5 1000 1e-06 0.00150118225673699 0.996997635486526 6.5 10.1228003262248 0.00769275543954351
"234" 0.88 300.236451347398 1e+05 0.004 0.5 1000 1e-06 0.00150118225673699 0.996997635486526 6.5 10.1228003262248 0.00739568878485719
"235" 0.91 300.236451347398 1e+05 0.004 0.5 1000 1e-06 0.00150118225673699 0.996997635486526 6.5 10.1228003262248 0.00711979783891914
"236" 0.94 300.236451347398 1e+05 0.004 0.5 1000 1e-06 0.00150118225673699 0.996997635486526 6.5 10.1228003262248 0.00686293129865612
"237" 0.97 300.236451347398 1e+05 0.004 0.5 1000 1e-06 0.00150118225673699 0.996997635486526 6.5 10.1228003262248 0.00662321732974092
"238" 1 300.236451347398 1e+05 0.004 0.5 1000 1e-06 0.00150118225673699 0.996997635486526 6.5 10.1228003262248 0.00639901984374369
"239" 0.01 110.55572738472 1e+05 0.004 0.5 1000 1e-06 0.0005527786369236 0.998894442726153 7.5 11.0441435789234 NA
"240" 0.04 110.55572738472 1e+05 0.004 0.5 1000 1e-06 0.0005527786369236 0.998894442726153 7.5 11.0441435789234 NA
"241" 0.07 110.55572738472 1e+05 0.004 0.5 1000 1e-06 0.0005527786369236 0.998894442726153 7.5 11.0441435789234 0.195908848033193
"242" 0.1 110.55572738472 1e+05 0.004 0.5 1000 1e-06 0.0005527786369236 0.998894442726153 7.5 11.0441435789234 0.114533652067413
"243" 0.13 110.55572738472 1e+05 0.004 0.5 1000 1e-06 0.0005527786369236 0.998894442726153 7.5 11.0441435789234 0.0801511547938836
"244" 0.16 110.55572738472 1e+05 0.004 0.5 1000 1e-06 0.0005527786369236 0.998894442726153 7.5 11.0441435789234 0.0611877832861888
"245" 0.19 110.55572738472 1e+05 0.004 0.5 1000 1e-06 0.0005527786369236 0.998894442726153 7.5 11.0441435789234 0.0492288152757248
"246" 0.22 110.55572738472 1e+05 0.004 0.5 1000 1e-06 0.0005527786369236 0.998894442726153 7.5 11.0441435789234 0.0410316165494158
"247" 0.25 110.55572738472 1e+05 0.004 0.5 1000 1e-06 0.0005527786369236 0.998894442726153 7.5 11.0441435789234 0.0350810283297587
"248" 0.28 110.55572738472 1e+05 0.004 0.5 1000 1e-06 0.0005527786369236 0.998894442726153 7.5 11.0441435789234 0.0305756328722998
"249" 0.31 110.55572738472 1e+05 0.004 0.5 1000 1e-06 0.0005527786369236 0.998894442726153 7.5 11.0441435789234 0.0270526460675887
"250" 0.34 110.55572738472 1e+05 0.004 0.5 1000 1e-06 0.0005527786369236 0.998894442726153 7.5 11.0441435789234 0.0242266371424763
"251" 0.37 110.55572738472 1e+05 0.004 0.5 1000 1e-06 0.0005527786369236 0.998894442726153 7.5 11.0441435789234 0.0219122703566803
"252" 0.4 110.55572738472 1e+05 0.004 0.5 1000 1e-06 0.0005527786369236 0.998894442726153 7.5 11.0441435789234 0.0199841216566846
"253" 0.43 110.55572738472 1e+05 0.004 0.5 1000 1e-06 0.0005527786369236 0.998894442726153 7.5 11.0441435789234 0.0183543733664463
"254" 0.46 110.55572738472 1e+05 0.004 0.5 1000 1e-06 0.0005527786369236 0.998894442726153 7.5 11.0441435789234 0.016959760006819
"255" 0.49 110.55572738472 1e+05 0.004 0.5 1000 1e-06 0.0005527786369236 0.998894442726153 7.5 11.0441435789234 0.0157535850427895
"256" 0.52 110.55572738472 1e+05 0.004 0.5 1000 1e-06 0.0005527786369236 0.998894442726153 7.5 11.0441435789234 0.0147006540005485
"257" 0.55 110.55572738472 1e+05 0.004 0.5 1000 1e-06 0.0005527786369236 0.998894442726153 7.5 11.0441435789234 0.0137739545646355
"258" 0.58 110.55572738472 1e+05 0.004 0.5 1000 1e-06 0.0005527786369236 0.998894442726153 7.5 11.0441435789234 0.0129524204525886
"259" 0.61 110.55572738472 1e+05 0.004 0.5 1000 1e-06 0.0005527786369236 0.998894442726153 7.5 11.0441435789234 0.0122193884198419
"260" 0.64 110.55572738472 1e+05 0.004 0.5 1000 1e-06 0.0005527786369236 0.998894442726153 7.5 11.0441435789234 0.0115615105662816
"261" 0.67 110.55572738472 1e+05 0.004 0.5 1000 1e-06 0.0005527786369236 0.998894442726153 7.5 11.0441435789234 0.0109679728836837
"262" 0.7 110.55572738472 1e+05 0.004 0.5 1000 1e-06 0.0005527786369236 0.998894442726153 7.5 11.0441435789234 0.0104299241790065
"263" 0.73 110.55572738472 1e+05 0.004 0.5 1000 1e-06 0.0005527786369236 0.998894442726153 7.5 11.0441435789234 0.00994005228309602
"264" 0.76 110.55572738472 1e+05 0.004 0.5 1000 1e-06 0.0005527786369236 0.998894442726153 7.5 11.0441435789234 0.00949226515455037
"265" 0.79 110.55572738472 1e+05 0.004 0.5 1000 1e-06 0.0005527786369236 0.998894442726153 7.5 11.0441435789234 0.00908144785811049
"266" 0.82 110.55572738472 1e+05 0.004 0.5 1000 1e-06 0.0005527786369236 0.998894442726153 7.5 11.0441435789234 0.00870327520857406
"267" 0.85 110.55572738472 1e+05 0.004 0.5 1000 1e-06 0.0005527786369236 0.998894442726153 7.5 11.0441435789234 0.00835406578678466
"268" 0.88 110.55572738472 1e+05 0.004 0.5 1000 1e-06 0.0005527786369236 0.998894442726153 7.5 11.0441435789234 0.00803066707304423
"269" 0.91 110.55572738472 1e+05 0.004 0.5 1000 1e-06 0.0005527786369236 0.998894442726153 7.5 11.0441435789234 0.00773036424371187
"270" 0.94 110.55572738472 1e+05 0.004 0.5 1000 1e-06 0.0005527786369236 0.998894442726153 7.5 11.0441435789234 0.00745080714636637
"271" 0.97 110.55572738472 1e+05 0.004 0.5 1000 1e-06 0.0005527786369236 0.998894442726153 7.5 11.0441435789234 0.00718995137255785
"272" 1 110.55572738472 1e+05 0.004 0.5 1000 1e-06 0.0005527786369236 0.998894442726153 7.5 11.0441435789234 0.00694601035977138
"273" 0.01 40.6853956110413 1e+05 0.004 0.5 1000 1e-06 0.000203426978055207 0.99959314604389 8.5 12.2946780139687 NA
"274" 0.04 40.6853956110413 1e+05 0.004 0.5 1000 1e-06 0.000203426978055207 0.99959314604389 8.5 12.2946780139687 NA
"275" 0.07 40.6853956110413 1e+05 0.004 0.5 1000 1e-06 0.000203426978055207 0.99959314604389 8.5 12.2946780139687 0.217878328408624
"276" 0.1 40.6853956110413 1e+05 0.004 0.5 1000 1e-06 0.000203426978055207 0.99959314604389 8.5 12.2946780139687 0.125225960273139
"277" 0.13 40.6853956110413 1e+05 0.004 0.5 1000 1e-06 0.000203426978055207 0.99959314604389 8.5 12.2946780139687 0.0871532793379336
"278" 0.16 40.6853956110413 1e+05 0.004 0.5 1000 1e-06 0.000203426978055207 0.99959314604389 8.5 12.2946780139687 0.0663432505783773
"279" 0.19 40.6853956110413 1e+05 0.004 0.5 1000 1e-06 0.000203426978055207 0.99959314604389 8.5 12.2946780139687 0.053280755322985
"280" 0.22 40.6853956110413 1e+05 0.004 0.5 1000 1e-06 0.000203426978055207 0.99959314604389 8.5 12.2946780139687 0.0443531358077603
"281" 0.25 40.6853956110413 1e+05 0.004 0.5 1000 1e-06 0.000203426978055207 0.99959314604389 8.5 12.2946780139687 0.0378853372063789
"282" 0.28 40.6853956110413 1e+05 0.004 0.5 1000 1e-06 0.000203426978055207 0.99959314604389 8.5 12.2946780139687 0.0329956289791471
"283" 0.31 40.6853956110413 1e+05 0.004 0.5 1000 1e-06 0.000203426978055207 0.99959314604389 8.5 12.2946780139687 0.0291765410938333
"284" 0.34 40.6853956110413 1e+05 0.004 0.5 1000 1e-06 0.000203426978055207 0.99959314604389 8.5 12.2946780139687 0.0261158483257441
"285" 0.37 40.6853956110413 1e+05 0.004 0.5 1000 1e-06 0.000203426978055207 0.99959314604389 8.5 12.2946780139687 0.0236111999708027
"286" 0.4 40.6853956110413 1e+05 0.004 0.5 1000 1e-06 0.000203426978055207 0.99959314604389 8.5 12.2946780139687 0.0215258640008513
"287" 0.43 40.6853956110413 1e+05 0.004 0.5 1000 1e-06 0.000203426978055207 0.99959314604389 8.5 12.2946780139687 0.0197642237921506
"288" 0.46 40.6853956110413 1e+05 0.004 0.5 1000 1e-06 0.000203426978055207 0.99959314604389 8.5 12.2946780139687 0.0182574667664885
"289" 0.49 40.6853956110413 1e+05 0.004 0.5 1000 1e-06 0.000203426978055207 0.99959314604389 8.5 12.2946780139687 0.0169548468984544
"290" 0.52 40.6853956110413 1e+05 0.004 0.5 1000 1e-06 0.000203426978055207 0.99959314604389 8.5 12.2946780139687 0.0158181468511949
"291" 0.55 40.6853956110413 1e+05 0.004 0.5 1000 1e-06 0.000203426978055207 0.99959314604389 8.5 12.2946780139687 0.0148180537779646
"292" 0.58 40.6853956110413 1e+05 0.004 0.5 1000 1e-06 0.000203426978055207 0.99959314604389 8.5 12.2946780139687 0.0139317207321537
"293" 0.61 40.6853956110413 1e+05 0.004 0.5 1000 1e-06 0.000203426978055207 0.99959314604389 8.5 12.2946780139687 0.0131410854657543
"294" 0.64 40.6853956110413 1e+05 0.004 0.5 1000 1e-06 0.000203426978055207 0.99959314604389 8.5 12.2946780139687 0.0124316862425655
"295" 0.67 40.6853956110413 1e+05 0.004 0.5 1000 1e-06 0.000203426978055207 0.99959314604389 8.5 12.2946780139687 0.0117918116548593
"296" 0.7 40.6853956110413 1e+05 0.004 0.5 1000 1e-06 0.000203426978055207 0.99959314604389 8.5 12.2946780139687 0.0112118797083174
"297" 0.73 40.6853956110413 1e+05 0.004 0.5 1000 1e-06 0.000203426978055207 0.99959314604389 8.5 12.2946780139687 0.010683977306633
"298" 0.76 40.6853956110413 1e+05 0.004 0.5 1000 1e-06 0.000203426978055207 0.99959314604389 8.5 12.2946780139687 0.0102015138989415
"299" 0.79 40.6853956110413 1e+05 0.004 0.5 1000 1e-06 0.000203426978055207 0.99959314604389 8.5 12.2946780139687 0.00975895765809542
"300" 0.82 40.6853956110413 1e+05 0.004 0.5 1000 1e-06 0.000203426978055207 0.99959314604389 8.5 12.2946780139687 0.00935163217622448
"301" 0.85 40.6853956110413 1e+05 0.004 0.5 1000 1e-06 0.000203426978055207 0.99959314604389 8.5 12.2946780139687 0.00897555811678008
"302" 0.88 40.6853956110413 1e+05 0.004 0.5 1000 1e-06 0.000203426978055207 0.99959314604389 8.5 12.2946780139687 0.00862732866504434
"303" 0.91 40.6853956110413 1e+05 0.004 0.5 1000 1e-06 0.000203426978055207 0.99959314604389 8.5 12.2946780139687 0.00830401067014319
"304" 0.94 40.6853956110413 1e+05 0.004 0.5 1000 1e-06 0.000203426978055207 0.99959314604389 8.5 12.2946780139687 0.00800306551635377
"305" 0.97 40.6853956110413 1e+05 0.004 0.5 1000 1e-06 0.000203426978055207 0.99959314604389 8.5 12.2946780139687 0.00772228528921881
"306" 1 40.6853956110413 1e+05 0.004 0.5 1000 1e-06 0.000203426978055207 0.99959314604389 8.5 12.2946780139687 0.00745974090358081
