as std.as std.al phit ft std.ft ys yl Ls bs rhos al Ll bl rhol bt rhot Ne u C Ve norm.sd h2s h2l h2 h2os h2ol prev deltas deltal maxG bigU_small bigU_large bigU thr mean.nl tstar
1 0.0292034152939177 0.233627322351342 0.0131058423625798 0.000360563484554354 0.0123466204526239 1.44225393821742 18.7954739911421 8976695.37264358 0.617606888081266 0.191196555959367 8 1023305 1 0 0.800000000000426 0.099999999999787 1000 1e-08 1 586.276808965726 0.873079211435506 0.262267309440846 0.237732690559154 0.5 0.00896788822653904 0.0215713862427032 0.00447815762911675 0.000360563484554354 0.00469886849778552 34326270.7452872 0.110881377887038 0.1637288 0.274610165962297 3432627.47829168 4.35553635024555 3.68863968153719
1 0.027677643697364 0.23388796226334 0.0137643231441074 0.000359524162050438 0.0129896954372846 1.43809664820175 16.305249034124 9019725.51039518 0.616319466907046 0.191840266546477 8.45042897512316 980274 1 0 0.800000000000268 0.0999999999998662 1000 1e-08 1 652.697239471101 0.858426982256844 0.236896883866592 0.263103116133408 0.5 0.00848912848930854 0.0169727011103303 0.00473100824075562 0.000359524162050438 0.004076312258531 34606922.6471101 0.111180648364293 0.165674716263198 0.276855381176881 3460694.09218054 4.809614315259 3.78197211640954
1 0.027860593773756 0.24788974086701 0.0137867235869739 0.000361471009419354 0.0129742751484303 1.44588403767742 17.5582483353005 9075508.97896362 0.618728350009546 0.190635824995227 8.8975038680086 924491 1 0 0.800000000000126 0.0999999999999371 1000 1e-08 1 644.153347900297 0.860907463651776 0.241161660971334 0.258838339028666 0.5 0.0086058197923175 0.0172056729137067 0.00473964179235272 0.000361471009419354 0.00438956208382514 34602342.4548055 0.11230549392102 0.164513244968783 0.276818739638444 3460235.28291264 4.21222437856838 3.70346276593059
1 0.0280763358481823 0.26387447556397 0.0138074362878314 0.00036367919231963 0.0129532284513962 1.45471676927852 19.0270248290616 9132497.3923219 0.621446576274267 0.189276711862867 9.39846556156128 867503 1 0 0.800000000000003 0.0999999999999986 1000 1e-08 1 634.291872736041 0.863729524213941 0.24602869099884 0.25397130900116 0.5 0.00873639013157945 0.0174663392673744 0.00474762671136914 0.00036367919231963 0.00475675620726539 34571388.924746 0.113507184745842 0.163063941401022 0.276571111397968 3457139.15502979 3.64745456726622 3.62433983997177
1 0.0283151109273711 0.281102035669215 0.0138249817040843 0.000366042177468067 0.0129274498838084 1.46416870987227 20.6571921621595 9187201.02594521 0.624338880417575 0.187830559791212 9.92763321288932 812799 1 0 0.799999999999966 0.100000000000017 1000 1e-08 1 623.639291696631 0.866757781474232 0.251269051746133 0.248730948253867 0.5 0.00887440959184993 0.0177418614571902 0.00475439200892816 0.000366042177468067 0.00516429804053988 34512742.7474969 0.114718536054197 0.161383406956065 0.276101941979975 3451275.22323538 3.14776168096535 3.54948397192001
1 0.0285780077134063 0.299685990498964 0.013839424006619 0.000368571911193847 0.0128970470891484 1.47428764477539 22.4725340399959 9239687.29562922 0.627416424650732 0.186291787674634 10.4865949195744 760313 1 0 0.799999999999977 0.100000000000012 1000 1e-08 1 612.218016689873 0.870007041415281 0.25691225211217 0.24308774788783 0.5 0.00902057217821455 0.0180336234535567 0.0047599617420087 0.000368571911193847 0.00561813350999897 34425563.4774311 0.11594263135829 0.159461888861727 0.275404507819449 3442556.72771474 2.70663807834969 3.47874125497726
1 0.0288484708510027 0.31852734346375 0.0138501920672385 0.000371116615392916 0.0128643426998148 1.48446646157166 24.3755023918362 9287120.68996137 0.6304925313442 0.1847537343279 11.0413943639817 712879 1 0 0.799999999997417 0.100000000001292 1000 1e-08 1 600.79237032015 0.873280625807696 0.262619051411082 0.237380948588918 0.5 0.009166280907368 0.0183244657792242 0.00476411505136736 0.000371116615392916 0.00609387559795904 34316597.7255245 0.117109204654257 0.157423563456018 0.274532781804196 3431661.45724853 2.33965823088804 3.41578359584591
1 0.0291613593512982 0.340110825443965 0.0138586624623513 0.000374007332890799 0.0128254423391326 1.4960293315632 26.635939125698 9335493.29443512 0.633963036306053 0.183018481846974 11.663064857394 664507 1 0 0.799999999990757 0.100000000004622 1000 1e-08 1 587.969062268879 0.877002161595644 0.269132791443432 0.230867208556568 0.5 0.009330538823867 0.0186523170594527 0.00476738247418456 0.0003740073328908 0.00665898478142451 34171363.0672549 0.118367153487098 0.155003764783847 0.273370904538039 3417136.62008023 1.99581986557034 3.35260404265955
1 0.0295015816402051 0.363451746103018 0.0138641095556681 0.000377104794773813 0.0127825280479163 1.50841917909525 29.1815915235986 9381842.30909862 0.637653622198591 0.181173188900704 12.3197376512079 618158 1 0 0.79999999998883 0.100000000005585 1000 1e-08 1 574.48594011988 0.880988868648748 0.276141386683001 0.223858613316999 0.5 0.00950539011334896 0.0190012945736974 0.00476948382681075 0.000377104794773813 0.00729539788089964 33994773.392188 0.119647314625855 0.152310887739908 0.271958187137504 3399477.57780589 1.69465106905219 3.29311223276043
1 0.0298700970801702 0.388711028537574 0.0138665818566586 0.000380424042127216 0.0127359493042882 1.52169616850886 32.0609084004283 9426229.60261381 0.641576228487643 0.179211885756179 13.0133835017104 573770 1 0 0.799999999990265 0.100000000004868 1000 1e-08 1 560.398205779841 0.88525439365044 0.283675341477409 0.216324658522591 0.5 0.00969176199998599 0.019373249718365 0.00477043761936128 0.000380424042127216 0.00801522710010707 33785837.3087803 0.120952896746071 0.149333781035527 0.270286698470243 3378585.76531027 1.43170091182701 3.23717097349227
1 0.030243488791192 0.414392175611959 0.0138662369603678 0.000383764549714231 0.0126891626942854 1.53505819885692 35.1281377314985 9466266.30385898 0.645490368086507 0.177254815956746 13.7018641755592 533734 1 0 0.799999999993106 0.100000000003447 1000 1e-08 1 546.64606634929 0.889534206405965 0.291271104366291 0.208728895633709 0.5 0.00987856588158146 0.0197460539750588 0.00477030455980654 0.000383764549714231 0.00878203443287463 33558834.1554738 0.122207674417657 0.146263015477558 0.26847067324379 3355883.58297615 1.21551264737255 3.18764313470612
1 0.0306689348064792 0.443881576028835 0.0138631208331186 0.0003875588490652 0.0126368539210994 1.5502353962608 38.8344726284336 9507008.64141699 0.649895455537518 0.175052272231241 14.4733287552934 492991 1 0 0.799999999996236 0.100000000001882 1000 1e-08 1 531.584879975589 0.894371536880543 0.299900445982064 0.200099554017936 0.5 0.0100900784891265 0.0201681575608173 0.00476910239320394 0.0003875588490652 0.0097086181571084 33284458.9156357 0.123571234236256 0.142704416328017 0.266275671325086 3328447.92960417 1.01557472053231 3.13821092797183
1 0.031124121432503 0.475832714092361 0.0138572099125063 0.000391620800447948 0.0125825495603862 1.56648320179179 43.0870971190894 9545947.90467479 0.654563365601063 0.172718317199468 15.2882295850268 454052 1 0 0.799999999998507 0.100000000000746 1000 1e-08 1 516.149846113059 0.899511808108426 0.30912149292649 0.19087850707351 0.5 0.0103160326600289 0.0206190727515446 0.00476682213747032 0.000391620800447948 0.0107717742797724 32975198.2484308 0.124968555766727 0.138833024390812 0.263801585987446 3297521.11633844 0.843040493668438 3.09193599773012
1 0.0316086883851659 0.510449096980165 0.0138486144549987 0.000395965093420398 0.0125270966196189 1.58386037368159 47.9928128112932 9583126.57539875 0.65950109285556 0.17024945357222 16.1490122829557 416873 1 0 0.799999999999653 0.100000000000174 1000 1e-08 1 500.445806417374 0.904952955348687 0.318939851394322 0.181060148605678 0.5 0.0105573904772891 0.0211007242303879 0.00476350652626377 0.000395965093420398 0.0119982032028233 32630427.5456627 0.126401648988973 0.134641743948652 0.261043420365302 3263045.12595011 0.6948930894972 3.04868438533219
1 0.0320906586294641 0.545649831072636 0.0138381872298218 0.000400323416268025 0.0124747647248495 1.6012936650721 53.3243325562386 9616541.06764194 0.664398230034962 0.167800884982519 17.0033852334725 383459 1 0 0.799999999994194 0.100000000002903 1000 1e-08 1 485.526281291985 0.910339552940143 0.328718101647259 0.171281898352741 0.5 0.0107994182473627 0.021583720338755 0.00475948474011525 0.000400323416268025 0.0133310831390596 32273284.3317681 0.127784257287997 0.130402021964842 0.258186274654145 3227329.20324211 0.57528548634512 3.01061732492899
1 0.0326284760721497 0.586031490706626 0.0138247472824574 0.000405250416162763 0.012420145374447 1.62100166465105 59.9027388266898 9650393.00265506 0.669866450567927 0.165066774716037 17.9607374065146 349607 1 0 0.800000000006815 0.0999999999965926 1000 1e-08 1 469.6522677029 0.916324910335653 0.339651341301642 0.160348658698358 0.5 0.0110731110011171 0.0221299157839431 0.00475430161040242 0.000405250416162763 0.0149756847066725 31859185.0502688 0.129289490145482 0.125583990449587 0.254873480402151 3185919.49538096 0.466899516372924 2.97284391207426
1 0.0331898996743443 0.629678510250269 0.0138090260972723 0.000410488596064208 0.01236787697739 1.64195438425683 67.619776628237 9682559.19087324 0.675601390823291 0.162199304588354 18.9719919743237 317441 1 0 0.799999999999958 0.100000000000021 1000 1e-08 1 453.897849437071 0.922546712574156 0.351092436881381 0.148907563118619 0.5 0.0113643918772885 0.0227112431595308 0.0047482396697808 0.000410488596064208 0.0169049441570593 31410094.5903891 0.130831009121656 0.120449762086426 0.251280756723113 3141009.73479044 0.37555972522299 2.9376866797212
1 0.033770751942352 0.676772077236894 0.01379125354925 0.000416038059297645 0.012319478701802 1.66415223719058 76.7249062643775 9713044.23579266 0.681589208710552 0.159205395644724 20.0401838369536 286956 1 0 0.799999999985003 0.100000000007498 1000 1e-08 1 438.418167810356 0.928955369816127 0.362958079110218 0.137041920889782 0.5 0.0116734624725797 0.0233281277758953 0.00474138797839268 0.000416038059297645 0.0191812265660944 30927390.4578191 0.13240612269689 0.115013019862337 0.247419123662552 3092739.10094816 0.299204811765869 2.90500320548293
1 0.0343302359061019 0.724382447707503 0.013772797966505 0.000421538321047331 0.0122789229354642 1.68615328418932 86.8390748958002 9740194.09502538 0.687435218423303 0.156282390788349 21.1004214969216 259806 1 0 0.799999999976979 0.100000000011511 1000 1e-08 1 424.244703255132 0.935098215043109 0.374408671776809 0.125591328223191 0.5 0.0119804733183457 0.0239409698754366 0.00473427435129705 0.000421538321047331 0.0217097687239501 30444420.4049092 0.133915049103983 0.109640322148585 0.243555363239274 3044442.63982624 0.239344700791773 2.87637534377767
1 0.0349317041670826 0.778573599401512 0.0137516426604019 0.000427659295555804 0.0122427263642867 1.71063718222321 99.5893155755112 9767384.73182393 0.693837822863865 0.153081088568068 22.2884516506123 232615 1 0 0.800000000236131 0.0999999998819343 1000 1e-08 1 409.760845568261 0.941663435360958 0.386730025495802 0.113269974504198 0.5 0.0123230058660165 0.0246248416901197 0.00472612186877482 0.000427659295555804 0.0248973288938778 29904025.8250622 0.135539619148049 0.103692563614144 0.239232206600498 2990404.77442146 0.18685961788718 2.84809593063174
1 0.0362933822732019 0.917237025598232 0.0136984402281102 0.000442585096403722 0.0121946500624307 1.77034038561489 139.312003874403 9823148.79624387 0.708999992458354 0.145500003770823 25.2728450242979 176851 1 0 0.799999999890638 0.100000000054681 1000 1e-08 1 379.590310610983 0.956325133287267 0.414557760556908 0.0854422394430918 0.5 0.0131629917925754 0.0263025248777067 0.00470562782630956 0.000442585096403722 0.0348280009686007 28585353.4232719 0.139292248449084 0.089390558307842 0.228682827386176 2858537.37378968 0.101556907567315 2.79091742523614
1 0.0371733702262917 1.02486870925096 0.0136592754045432 0.000453334959706552 0.0121951535991192 1.81333983882621 178.652019936881 9856161.51768624 0.719530079465949 0.140234960267025 27.5699701967323 143838 1 0 0.800000000000558 0.0999999999997211 1000 1e-08 1 361.831298081413 0.965580643320474 0.43234597875518 0.0676540212448204 0.5 0.0137728618965017 0.027521445898134 0.00469054873309856 0.000453334959706553 0.0446630049842203 27643541.7816876 0.141836093601 0.0793121874631515 0.221148334253501 2764357.83763623 0.0644105708357842 2.75721210792243
1 0.0377950684934142 1.11495556534041 0.0136284216148287 0.000461676202261815 0.0122152497843009 1.84670480904726 218.408431609032 9878576.4871844 0.727479490812142 0.136260254593929 29.5000276434131 121424 1 0 0.800000000001658 0.099999999999171 1000 1e-08 1 350.025537269798 0.971962463285267 0.444711030035565 0.0552889699644355 0.5 0.0142493976879816 0.02847449951959 0.00467867403291033 0.000461676202261815 0.0546021079022579 26921175.6875164 0.143729235856914 0.0716402271314759 0.215369405500131 2692115.69433869 0.0444757601786952 2.73422445346438
1 0.0382484024677832 1.19185793556524 0.0136035568894634 0.000468271739672886 0.0122429097546574 1.87308695869154 257.858082428439 9894627.01873643 0.733630120826892 0.133184939586554 31.1609860456041 105373 1 0 0.800000000003875 0.0999999999980626 1000 1e-08 1 341.777448444505 0.976504226699846 0.453560504762665 0.0464394952373352 0.5 0.0146286144438616 0.0292333568361328 0.00466910724032053 0.000468271739672886 0.0644645206071097 26356307.2026397 0.145179928305853 0.0656705316516688 0.210850457621118 2635631.60344379 0.0326917753428388 2.71767903525064
1 0.038585333513638 1.25783652375705 0.0135833597013512 0.000473523602414548 0.012272113761753 1.89409440965819 296.051629819863 9906467.62531402 0.738443336164742 0.130778331917629 32.5988247143819 93532 1 0 0.800000000007355 0.0999999999963224 1000 1e-08 1 335.834638145749 0.979801869973368 0.460011704403309 0.0399882955966909 0.5 0.0149322804805625 0.0298413133759991 0.00466133820390946 0.000473523602414548 0.0740129074549656 25911001.7969992 0.146307300056898 0.0609806654637114 0.207288014375994 2591103.62246912 0.0252746116595645 2.70542776484847
1 0.0388683214190599 1.32126259325709 0.013564940397404 0.000478212018185853 0.0123033874560724 1.91284807274341 336.734989917209 9916390.61968039 0.742677552059425 0.128661223970288 33.9933021293064 83609 1 0 0.800000000012125 0.0999999999939376 1000 1e-08 1 330.962229472647 0.982508787989333 0.465323518476269 0.0346764815237312 0.5 0.0152047859283511 0.0303870933320597 0.00465425453684039 0.000478212018185853 0.0841837474793023 25517073.2348191 0.147293614213785 0.0568429199545835 0.204136585878553 2551710.90899112 0.0198635444068748 2.69513697061518
1 0.0390857688462698 1.37659043102811 0.0135497160217845 0.000482015825704629 0.012332259027588 1.92806330281852 375.499256218577 9924019.26020657 0.746069803598285 0.126965098200857 35.2197352556232 75981 1 0 0.800000000016895 0.0999999999915526 1000 1e-08 1 327.289962082772 0.98454270600079 0.469324339939357 0.0306756600606427 0.5 0.0154268864516019 0.0308320592528163 0.00464840064380014 0.000482015825704629 0.0938748140546442 25200099.9293282 0.148080222007358 0.0535206140891501 0.201600799434625 2520009.15983865 0.0161876730321306 2.68721629453659
1 0.0392666456372472 1.42824687896621 0.0135361872999817 0.000485332655936612 0.0123599214565005 1.94133062374645 414.502882428794 9930376.45149816 0.748996507272332 0.125501746363834 36.3730299797092 69624 1 0 0.800000000021119 0.0999999999894403 1000 1e-08 1 324.281667871768 0.986199261156647 0.472588982705916 0.0274110172940835 0.5 0.0156213613064251 0.031221774019392 0.00464319955887708 0.000485332655936612 0.103625720607198 24925624.5816109 0.148756345561431 0.0506487167861455 0.199404996652887 2492560.17342663 0.0134375033715325 2.68061336827807
1 0.0394164250986879 1.47587904918681 0.013524296950833 0.000488197291544076 0.0123856308714391 1.9527891661763 452.904516699521 9935653.2656216 0.751500907288932 0.124249546355534 37.4432497490987 64347 1 0 0.800000000024258 0.0999999999878709 1000 1e-08 1 321.821858242977 0.98754353731942 0.475242238101352 0.0247577618986475 0.5 0.0157899545110602 0.031559691444787 0.00463862897663514 0.000488197291544076 0.11322612917488 24690028.1144537 0.149333048872457 0.0481872158321051 0.19752022491563 2469001.82199873 0.0113660574369748 2.67513334024763
1 0.0395397666926312 1.51915592525286 0.0135139741519773 0.000490645245931726 0.0124089059438776 1.9625809837269 489.83623428457 9940009.59484227 0.753624005455397 0.123187997272302 38.4209633066948 59990 1 0 0.800000000026137 0.0999999999869317 1000 1e-08 1 319.817187356586 0.988629707022469 0.477388697607333 0.0226113023926665 0.5 0.0159345055159738 0.031849467805543 0.00463466143315797 0.000490645245931726 0.122459058571142 24489766.3672218 0.149820596902602 0.0460974717753724 0.195918130937774 2448980.74971216 0.00979762638349442 2.67061118806768
1 0.0396544011594255 1.5633433118837 0.0135038975510197 0.000492999371016414 0.0124323998497512 1.97199748406566 529.55612730333 9944068.69262429 0.755651001714584 0.122174499142708 39.4242068011183 55931 1 0 0.800000000027012 0.0999999999864941 1000 1e-08 1 317.970780420181 0.989620620118132 0.479348971762995 0.0206510282370047 0.5 0.0160739475917276 0.0321290424072591 0.00463078894699813 0.000492999371016414 0.132389031825832 24298208.0064353 0.150284909374004 0.0441007062118669 0.194385664051482 2429824.22392411 0.00844953794197944 2.66640014587058
1 0.0397608325199832 1.60847067789962 0.0134940786311932 0.000495259236891241 0.0124559574209703 1.98103694756497 572.216892947653 9947847.13824842 0.757583315837841 0.12120834208108 40.4536468669569 52153 1 0 0.80000000002682 0.09999999998659 1000 1e-08 1 316.270777346583 0.9905230948955 0.481136001521359 0.0188639984786411 0.5 0.0162082170422832 0.0323982820840674 0.00462701589940737 0.000495259236891241 0.143054223236913 24115252.3666017 0.150726460408844 0.0421955809010481 0.192922018932813 2411525.11780621 0.00729134178236827 2.66248320468578
1 0.0398476267859999 1.64875268426324 0.013485705877216 0.00049715941706625 0.0124765125847074 1.988637668265 612.079035471967 9950935.91347152 0.759197869727466 0.120401065136267 41.37643361091 49064 1 0 0.800000000025877 0.0999999999870617 1000 1e-08 1 314.894504956114 0.991245478197719 0.482567598047425 0.0174324019525751 0.5 0.0163214367983748 0.0326253393965369 0.00462379888001036 0.00049715941706625 0.153019758867992 23962058.5043144 0.151094586946042 0.0406018667737138 0.191696468034515 2396207.56616941 0.00641277791723729 2.65928374172093
1 0.0399175813476116 1.68388841707574 0.0134786958138814 0.000498731111866909 0.0124940213066479 1.99492444746764 648.211711869887 9953430.49616444 0.760526293414387 0.119736853292807 42.1841294043354 46570 1 0 0.800000000024593 0.0999999999877034 1000 1e-08 1 313.791782582819 0.991818147261575 0.483703237237384 0.0162967627626159 0.5 0.0164153123650192 0.0328136213013245 0.00462110566684749 0.000498731111866909 0.162052927967472 23835890.8050487 0.151396912040113 0.039290298127198 0.19068712644039 2383585.89415878 0.00574744368024098 2.65670163107456
1 0.0399836517275923 1.71960057867122 0.0134718421542994 0.000500250580114183 0.0125113779882433 2.00100232045673 686.227119568284 9955790.83908091 0.761804550071728 0.119097724964136 43.0075919625056 44209 1 0 0.800000000022947 0.0999999999885265 1000 1e-08 1 312.755598442931 0.992350663464901 0.48475983927923 0.01524016072077 0.5 0.016506270629305 0.0329960681787218 0.00461847274267735 0.000500250580114183 0.171556779892071 23714226.9443026 0.151687335215485 0.0380264526614082 0.189713815554421 2371425.07830664 0.00515388094214603 2.65426012558835
1 0.0400460348230721 1.75590365735925 0.0134651467661187 0.000501718324397053 0.0125285393825806 2.00687329758821 726.189540735613 9958023.31690046 0.763033686873399 0.1184831565633 43.8471290632651 41977 1 0 0.800000000021029 0.0999999999894856 1000 1e-08 1 311.781945708463 0.992845556796874 0.485742299651294 0.0142577003487058 0.5 0.0165943269611649 0.0331727095178077 0.00461590081142827 0.000501718324397053 0.181547385183903 23597188.5071783 0.151966144909317 0.0368114187337736 0.188777508057426 2359717.07143463 0.00462432252130944 2.65195243746773
1 0.0401049202888801 1.79281243709075 0.0134586109365938 0.000503134930142045 0.0125454664045685 2.01253972056818 768.161825792219 9960134.09916973 0.764214788308065 0.117892605845967 44.7030544924892 39866 1 0 0.800000000018967 0.0999999999905164 1000 1e-08 1 310.867048158026 0.993305244024866 0.486655307807299 0.0133446921927008 0.5 0.0166795024171796 0.0333435863730325 0.00461339035419901 0.000503134930142045 0.192040456448055 23484532.1391346 0.152233635442339 0.0356426394079515 0.187876257113077 2348453.32705279 0.00415182316972416 2.64977197944634
1 0.0401514511108784 1.82404329025013 0.0134532632886753 0.00050427683923177 0.0125593677259436 2.01710735692708 804.717959351888 9961804.42364568 0.765163144463851 0.117418427768074 45.4290751587789 38196 1 0 0.800000000017161 0.0999999999914196 1000 1e-08 1 310.146948768229 0.993663085084871 0.487366326660384 0.0126336733396155 0.5 0.0167483325114492 0.0334816820818778 0.00461133641950155 0.00050427683923177 0.201179489837972 23394026.7568208 0.152448111946613 0.0347041790952943 0.187152214054566 2339399.82631505 0.0037971640533616 2.64804751970718
1 0.0401957802277634 1.85571404767344 0.01344805613086 0.000505384091595089 0.0125730633596712 2.02153636638036 842.745766116878 9963397.70016098 0.766079558515484 0.116960220742258 46.1668871000466 36602 1 0 0.800000000015339 0.0999999999923303 1000 1e-08 1 309.463247189931 0.993999341907907 0.488034691713352 0.0119653082866475 0.5 0.0168151567409342 0.0336157631412926 0.00460933656023243 0.000505384091595089 0.210686441529219 23306396.2035938 0.15265510622907 0.0337960080327181 0.18645116962875 2330643.38870747 0.00347457573191245 2.64640343582141
1 0.040238004390423 1.887833648975 0.0134429590332584 0.000506457111883067 0.0125865365232578 2.02582844753227 882.277252209296 9964917.14396466 0.766964678796403 0.116517660601798 46.9166818179562 35083 1 0 0.800000000013514 0.0999999999932431 1000 1e-08 1 308.814111091848 0.994315222284879 0.488662761267428 0.0113372387325722 0.5 0.0168800357625758 0.0337459504523213 0.00460737908126528 0.000506457111883067 0.220569313052324 23221790.184368 0.152854789531073 0.0329195589643872 0.185774321474944 2322178.66741103 0.00318111849285343 2.64483628599974
1 0.0402782162199974 1.92041113184312 0.0134379719573172 0.000507496339659177 0.0125997719682337 2.02998535863671 923.342370533921 9966365.85895898 0.767819151077657 0.116090424461171 47.6786539243432 33634 1 0 0.800000000011709 0.0999999999941456 1000 1e-08 1 308.197808642849 0.994611875874322 0.489252783630237 0.0107472163697632 0.5 0.016942989247865 0.0338722830437619 0.00460546396072907 0.000507496339659177 0.23083559263348 23139979.4101007 0.153047331463105 0.0320724769218272 0.185119835280805 2314000.28580375 0.00291412088207901 2.6433427537595
1 0.0403165042197502 1.9534556270058 0.0134330945623089 0.00050850222565578 0.0126127558799276 2.03400890262312 965.968639613655 9967746.83797312 0.768643615794901 0.11567819210255 48.4530011917265 32253 1 0 0.800000000009926 0.0999999999950368 1000 1e-08 1 307.612704622892 0.994890395095152 0.489806898252587 0.0101931017474126 0.5 0.0170040381092262 0.0339948024777263 0.00460359106087524 0.00050850222565578 0.241492159903414 23061002.9708197 0.153232899417357 0.0312550929487351 0.184488023766558 2306102.86710527 0.00267115603585502 2.64191964537014
1 0.0403458063295331 1.98023366464415 0.0134292712110281 0.000509283236264594 0.0126229534763765 2.03713294505838 1001.21036875752 9968804.7920175 0.769282007561835 0.115358996219083 49.0815240739066 31195 1 0 0.80000000000852 0.0999999999957399 1000 1e-08 1 307.166044667232 0.995100852009613 0.490225705670257 0.00977429432974286 0.5 0.0170515205773779 0.034090101822267 0.00460212297963 0.000509283236264595 0.250302592189379 22999805.871006 0.153376443267905 0.0306219628697103 0.183998446968048 2299983.62862224 0.00249259967382982 2.64082979605262
1 0.0403739726652365 2.00732124907046 0.0134255172322171 0.000510043438453825 0.0126329762662417 2.0401737538153 1037.47822309529 9969822.66753132 0.769901918986039 0.115049040506981 49.7182000323402 30177 1 0 0.800000000007136 0.0999999999964322 1000 1e-08 1 306.737613998826 0.995300872632754 0.490623827063523 0.00937617293647739 0.5 0.0170978097225677 0.0341830117902679 0.00460068159581285 0.000510043438453825 0.259369555773822 22940337.5798145 0.153515712073657 0.0300069224475186 0.183522700638516 2294038.06384845 0.00232697568368381 2.63978153417851
1 0.0404076438089937 2.04162333690588 0.0134209214943076 0.000510964792021966 0.0126452508450453 2.04385916808786 1084.27055514961 9971040.75202396 0.770651299377782 0.114674350311109 50.525671493161 28959 1 0 0.800000000005435 0.0999999999972824 1000 1e-08 1 306.226626366481 0.99553695701158 0.491093832775877 0.00890616722412336 0.5 0.0171540111914534 0.0342958253749526 0.00459891708969388 0.000510964792021966 0.271067638787403 22868427.3455888 0.153683910233922 0.029263458415409 0.182947418764711 2286846.24032788 0.00213668057947328 2.63852745948554
1 0.0404333975779877 2.06942498240384 0.013417321516986 0.000511679045907232 0.0126548614896957 2.04671618362893 1122.87988268763 9971973.43606437 0.771230773164363 0.114384613417819 51.1810806502803 28027 1 0 0.80000000000411 0.0999999999979451 1000 1e-08 1 305.836652797831 0.99571523166768 0.491448822575022 0.00855117742497819 0.5 0.0171976592070628 0.03438344669586 0.0045975349621117 0.000511679045907232 0.280719970671907 22812851.1668995 0.153813855661408 0.0286890429477081 0.182502809335196 2281281.65299396 0.00199676309943677 2.63756748109691
1 0.0404581390148624 2.09755187928551 0.0134137888489597 0.000512373264839608 0.012664281583772 2.04949305935843 1162.54033547187 9972870.37414988 0.771792770332639 0.11410361483368 51.8449916471682 27130 1 0 0.800000000002774 0.0999999999986128 1000 1e-08 1 305.462709520042 0.995884564836521 0.491786066479626 0.0082139335203739 0.5 0.0172401533410534 0.0344687573405124 0.00459617872950283 0.000512373264839608 0.290635083867969 22758849.9950751 0.153939785084669 0.0281310924677535 0.182070799960601 2275882.11991644 0.00186692022787193 2.63664450046821
1 0.0404760516946596 2.11886344636385 0.0134111830298582 0.000512880923360001 0.0126712191996649 2.05152369344001 1192.97774071244 9973520.36899653 0.772202977896584 0.113898511051708 52.3485705164127 26480 1 0 0.800000000001842 0.0999999999990788 1000 1e-08 1 305.192404253804 0.996005948303315 0.492027849055586 0.00797215094441412 0.5 0.0172712742145665 0.0345312389426742 0.0045951783587814 0.000512880923360001 0.298244435178111 22719421.0325423 0.154031642581027 0.0277238029454922 0.181755368260338 2271939.23994517 0.00177569992128512 2.63597575411671
1 0.0404991042263805 2.14757135080007 0.0134077661314953 0.000513540648850582 0.012680296482115 2.05416259540233 1234.48506636384 9974357.71927262 0.772735101156034 0.113632449421983 53.0276259641608 25642 1 0 0.800000000000568 0.099999999999716 1000 1e-08 1 304.845065447932 0.996160625151509 0.492335991102245 0.00766400889775501 0.5 0.017311779165623 0.0346125660693155 0.00459386665914481 0.000513540648850582 0.308621266590961 22668184.2084913 0.154150726423372 0.0271946876994602 0.18134547366793 2266822.39810403 0.00166173128706448 2.63511439138863
1 0.0405212364224279 2.17661806929958 0.0134044140937738 0.000514180984816282 0.0126891731401288 2.05672393926513 1277.04804693127 9975162.64585189 0.773250548478415 0.113374725760792 53.7154899867481 24837 1 0 0.799999999999373 0.100000000000314 1000 1e-08 1 304.512151212626 0.996307460837523 0.492628556520513 0.00737144347948699 0.5 0.0173511647964949 0.0346916516012396 0.00459257990646991 0.000514180984816282 0.319262011732818 22618588.5413055 0.154265999741327 0.0266826324960172 0.180948708330444 2261863.65878552 0.00155592292445354 2.63428652914655
1 0.0405424790807235 2.20600859581576 0.0134011258787315 0.000514802161541023 0.0126978461409824 2.05920864616409 1320.66376705537 9975936.28262885 0.773749598742904 0.113125200628548 54.4122768472894 24064 1 0 0.799999999998275 0.100000000000862 1000 1e-08 1 304.193130123451 0.996446820920068 0.492906266921709 0.00709373307829089 0.5 0.0173894437934986 0.0347685209173604 0.00459131769958829 0.000514802161541023 0.330165941763842 22570626.6253641 0.154377533915377 0.0261875406010634 0.180565013002912 2257060.58686 0.00145767411639084 2.63349097883838
1 0.0405578450797052 2.22828013766599 0.0133987009338688 0.000515255607656106 0.0127042155874779 2.06102243062442 1354.06313006625 9976496.63690111 0.774113289772705 0.112943355113648 54.9407921768753 23503 1 0 0.799999999997486 0.100000000001257 1000 1e-08 1 303.962676761628 0.996546645192283 0.493105216043994 0.00689478395600643 0.5 0.0174174344559207 0.0348247338078796 0.00459038689490379 0.000515255607656106 0.338515782516561 22535540.1508684 0.154458772639957 0.025825468770662 0.180284321206947 2253559.00490327 0.00138861254409828 2.63291482984168
1 0.0405776011180295 2.2582844452075 0.0133955216838648 0.000515843800456507 0.0127125257837706 2.06337520182603 1399.50581480775 9977218.1310684 0.774584295531094 0.112707852234453 55.6534734184692 22782 1 0 0.799999999996484 0.100000000001758 1000 1e-08 1 303.666767872333 0.996673750620576 0.493358565176087 0.00664143482391295 0.5 0.0174538074138847 0.0348977859288368 0.00458916659102742 0.000515843800456507 0.349876453701938 22490231.1249759 0.154563929548274 0.0253579486283913 0.179921848999808 2249022.65365472 0.00130228077314414 2.63217309267983
1 0.0405918840435862 2.28102214611902 0.0133931770742584 0.00051627276442171 0.012718620398781 2.06509105768684 1434.26453527567 9977740.58220366 0.774927255155301 0.112536372422349 56.1940446930165 22259 1 0 0.79999999999585 0.100000000002075 1000 1e-08 1 303.453105122982 0.996764759068397 0.493539984920679 0.00646001507932069 0.5 0.01748038312389 0.0349511651078831 0.00458826667775166 0.00051627276442171 0.358566133818918 22457127.646051 0.154640462440375 0.0250164648164371 0.179657021168408 2245718.46018492 0.00124157948545023 2.631636048309
1 0.0406057214376548 2.30396321856898 0.0133908659922175 0.00051669138994221 0.012724595737956 2.06676555976884 1469.59696563387 9978247.50098928 0.775261509743829 0.112369245128086 56.7398666246192 21752 1 0 0.799999999995292 0.100000000002354 1000 1e-08 1 303.246322207067 0.996852207775402 0.493714324146693 0.00628567585330711 0.5 0.0175063613283652 0.0350033476680537 0.004587379655813 0.00051669138994221 0.367399241408468 22424906.159616 0.154715024444291 0.0246841115763744 0.179399249276928 2242497.27877475 0.00118413412762261 2.63111502252955
1 0.0406234965676277 2.33487142145068 0.0133878357077019 0.000517233631410268 0.0127323759674209 2.06893452564107 1517.58731074778 9978899.94042834 0.775693821818587 0.112153089090707 57.4758851090947 21100 1 0 0.799999999994689 0.100000000002656 1000 1e-08 1 302.981004645811 0.99696348243519 0.493936185309302 0.00606381469069824 0.5 0.0175400786705984 0.0350710814163752 0.00458621662921806 0.000517233631410268 0.379396827686945 22383282.2324605 0.154811420646723 0.024254823516038 0.179066257859684 2238329.90809222 0.0011122949920428 2.63044450350822
1 0.040636335088676 2.35829548156668 0.0133856005837969 0.000517628483216203 0.0127380700569242 2.07051393286481 1554.22982411037 9979372.19767761 0.776008167428875 0.111995916285563 58.0341577659608 20628 1 0 0.799999999994351 0.100000000002824 1000 1e-08 1 302.78958908008 0.997043099508135 0.494094942276789 0.0059050577232112 0.5 0.0175646833409849 0.0351205132262804 0.00458535881100472 0.000517628483216203 0.388557456027592 22353001.6081477 0.154881486624209 0.0239425721279248 0.178824012865182 2235298.86646715 0.00106176329921835 2.62995921546165
1 0.0406487620849362 2.38193018594761 0.0133833969839562 0.000518013292535926 0.0127436425112659 2.0720531701437 1591.41880308892 9979830.25198743 0.776314147637793 0.111842926181104 58.5978530162992 20170 1 0 0.799999999994157 0.100000000002921 1000 1e-08 1 302.604481847853 0.99711955247879 0.494247401935503 0.00575259806449664 0.5 0.0175887081449748 0.0351687837586786 0.00458451311206544 0.000518013292535926 0.397854700772231 22323497.8946524 0.15494966831283 0.0236383739067751 0.178587983157219 2232347.83634595 0.00101392533371699 2.62948856916566
1 0.040660786984734 2.40577774030033 0.0133812242570719 0.000518388144933103 0.0127490927592654 2.07355257973241 1629.14351732796 9980274.47976754 0.776611859274128 0.111694070362936 59.1670235306456 19726 1 0 0.799999999994079 0.10000000000296 1000 1e-08 1 302.425525620976 0.997192950388965 0.494393780305448 0.00560621969455158 0.5 0.0176121583166851 0.0352159035032253 0.00458367928164822 0.000518388144933103 0.407285879331989 22294806.3718661 0.155015990395968 0.0233425741233103 0.178358450974929 2229475.95996914 0.000968632659929805 2.62903217622561
1 0.0406724188754059 2.42984036149764 0.013379081728756 0.000518753124389939 0.0127544202861174 2.07501249755976 1667.39198549119 9980705.24749283 0.77690139681392 0.11154930159304 59.7417224911335 19295 1 0 0.799999999994125 0.100000000002937 1000 1e-08 1 302.252569218419 0.997263398063803 0.494534285117763 0.00546571488223704 0.5 0.0176350390580898 0.0352618828861999 0.00458285706010349 0.000518753124389939 0.416847996372799 22266843.5659185 0.155080476959304 0.0230543307093284 0.178134748527348 2226682.39952763 0.000925745244072684 2.62858965912797
1 0.0406836665120414 2.45412027765665 0.0133769687012656 0.000519108313260496 0.0127596246298708 2.07643325304198 1706.15093842041 9981122.91193048 0.777182852374755 0.111408573812623 60.3220035964627 18877 1 0 0.799999999994316 0.100000000002842 1000 1e-08 1 302.085467409654 0.997330996239845 0.494669116060762 0.00533088393923817 0.5 0.0176573555361901 0.0353067322650197 0.00458204617885496 0.000519108313260496 0.426537734605103 22239642.7476418 0.155143151491943 0.0227739692378085 0.177917141981135 2223966.33733333 0.00088513097613715 2.62816065096196
1 0.0406945383260073 2.47861972821511 0.0133748844529345 0.000519453792227444 0.0127647053780548 2.07781516890978 1745.40578459281 9981527.82036455 0.777456315712078 0.111271842143961 60.9079210669178 18472 1 0 0.799999999994651 0.100000000002675 1000 1e-08 1 301.924080725424 0.997395841689522 0.494798465019549 0.00520153498045086 0.5 0.0176791128810964 0.0353504619234046 0.00458124636018209 0.000519453792227444 0.436351446148201 22213237.8766253 0.155204036887965 0.0225018223589621 0.177705903013002 2221326.97596632 0.000846665218988522 2.62774479515961
1 0.0407050424332769 2.50334096400676 0.0133728282381371 0.000519789640262542 0.0127696621644498 2.07915856105017 1785.14057837285 9981920.3108181 0.777721874217745 0.111139062891128 61.4995296494334 18080 1 0 0.799999999995143 0.100000000002429 1000 1e-08 1 301.768275275308 0.9974580273423 0.494922516309593 0.00507748369040712 0.5 0.0177003161835354 0.035393082066829 0.0045804573172063 0.000519789640262542 0.446285144593211 22187663.6137597 0.155263155448433 0.0222382299212351 0.177501308910078 2218763.53839647 0.000810230383015773 2.62734174522168
1 0.0407151866425354 2.52828624733363 0.0133707992866108 0.000520115934590304 0.012774494666001 2.08046373836122 1825.33799126965 9982300.71227261 0.777979612920362 0.111010193539819 62.0968846227102 17699 1 0 0.799999999995741 0.100000000002129 1000 1e-08 1 301.617922572323 0.997517642402199 0.495041446903642 0.00495855309635824 0.5 0.0177209704934774 0.035434602818635 0.00457967875363133 0.000520115934590304 0.456334497817412 22162706.9464199 0.15532052888377 0.021981055218747 0.177301655571359 2216275.26808411 0.000775715524995143 2.62695116446715
1 0.0407249784631066 2.55345785203781 0.0133687968036454 0.000520432750655989 0.0127792025998849 2.08173100262396 1865.97928678003 9982669.34488494 0.77822961448828 0.11088519275586 62.70004180238 17331 1 0 0.799999999996494 0.100000000001753 1000 1e-08 1 301.472899363602 0.99757477246201 0.495155426652631 0.00484457334736878 0.5 0.0177410808177243 0.035475034215544 0.00457891036381558 0.000520432750655989 0.466494821695007 22138647.538724 0.155376178316676 0.021733088489541 0.177109180309792 2213861.42905116 0.000743015969698768 2.62657272575828
1 0.0407344251126523 2.57885806356914 0.0133668199692422 0.000520740162096653 0.0127837857207148 2.08296064838661 1907.04429896298 9983026.5202016 0.778471959234239 0.11076402038288 63.309057546221 16973 1 0 0.799999999997356 0.100000000001322 1000 1e-08 1 301.333087467735 0.997629499613852 0.495264618499784 0.00473538150021641 0.5 0.0177606521191834 0.0355143862037249 0.00457815183245036 0.000520740162096653 0.476761074740744 22115142.3078672 0.155430124285374 0.0214908926746402 0.176921138462938 2211521.30593289 0.000712032953094266 2.62620611126168
1 0.0407435335247519 2.60448917905543 0.0133648679386251 0.000521038240718654 0.012788243817933 2.08415296287462 1948.51141543671 9983372.54137165 0.778706725124317 0.110646637437842 63.9239887594235 16627 1 0 0.799999999998324 0.100000000000838 1000 1e-08 1 301.198373616929 0.997681902556672 0.4953691786891 0.00463082131089961 0.5 0.0177796893144959 0.0355526686308747 0.0045774028347554 0.000521038240718654 0.487127853859178 22092473.4049492 0.155482386747751 0.0212572832220587 0.176739787239593 2209254.2039841 0.00068267328573474 2.62585101216882
1 0.0407494211883655 2.62170600905734 0.0133635799368648 0.000521231809526226 0.0127911463359643 2.0849272381049 1976.36821816211 9983597.17139579 0.778859062688136 0.110570468655932 64.3372576247995 16403 1 0 0.799999999999054 0.100000000000473 1000 1e-08 1 301.11134285468 0.997715583996573 0.495436386549623 0.00456361345037674 0.5 0.0177920864582128 0.0355776008596845 0.00457690863495871 0.000521231809526226 0.494092054540528 22077842.4164307 0.155516302703385 0.0211064807363917 0.176622739331446 2207783.03622654 0.000663958404247822 2.62562052834747
1 0.0407579804437278 2.64772709545434 0.0133616670627179 0.00052151448436605 0.0127953956179471 2.0860579374642 2018.45351047453 9983925.25164966 0.779081361223386 0.110459319388307 64.9621759132522 16075 1 0 0.800000000009729 0.0999999999951355 1000 1e-08 1 300.984888195737 0.997764278955225 0.49553355635904 0.00446644364096036 0.5 0.0178102444342591 0.0356141277611267 0.00457617468771106 0.00052151448436605 0.504613377618632 22056384.4589104 0.155565801508155 0.0208853395561106 0.176451075671283 2205636.1762419 0.00063711146249052 2.62528396879829
1 0.0407662185940545 2.67398526740631 0.0133597756482572 0.000521788008132082 0.0127995194582061 2.08715203252833 2060.87602329418 9984242.94637229 0.779296276918915 0.110351861540542 65.5931641350788 15757 1 0 0.799999999985622 0.100000000007189 1000 1e-08 1 300.863252768048 0.997810843611328 0.495626479628351 0.00437352037164931 0.5 0.017827882588468 0.0356496128824399 0.00457544898950063 0.000521788008132082 0.515219005823546 22035588.8672974 0.155613667119237 0.0206710297455287 0.17628471093838 2203560.59041042 0.000611664300020352 2.62495817369675
1 0.0407741419085389 2.70048288627014 0.0133579082518305 0.000522052457904344 0.0128035179520238 2.08820983161738 2103.60908750205 9984550.53680446 0.779503888758165 0.110248055620918 66.2302812485333 15449 1 0 0.800000000001258 0.099999999999371 1000 1e-08 1 300.746335406153 0.997855346372573 0.495715292284327 0.00428470771567286 0.5 0.0178450011014868 0.035684044286979 0.00457473252137069 0.000522052457904344 0.525902271875513 22015484.3036261 0.15565991941883 0.0204638323001718 0.176123874429009 2201555.56586296 0.000587541222837638 2.62464274926118
1 0.0407792517062081 2.71828213112111 0.013356673536296 0.000522223734865917 0.0128061137224451 2.08889493946367 2132.25611959354 9984750.10789622 0.779638262018238 0.110180868990881 66.658460304883 15250 1 0 0.799999999998214 0.100000000000893 1000 1e-08 1 300.670970774442 0.997883899928557 0.495772277736626 0.00422772226337437 0.5 0.0178561303294506 0.0357064393992239 0.00457425880341906 0.000522223734865917 0.533064029898384 22002583.2550914 0.155689864416133 0.0203308303929893 0.176020666040731 2200257.88708959 0.000572159862547334 2.62443818465618
1 0.0407866621636479 2.74518401699964 0.013354838391358 0.000522473173677235 0.0128099026976251 2.08989269470894 2175.4423916869 9985041.43099175 0.779833827871833 0.110083086064084 67.3059248139788 14959 1 0 0.799999999999506 0.100000000000247 1000 1e-08 1 300.561723932291 0.997925104788112 0.495854514766363 0.0041454852336365 0.5 0.0178724001127599 0.0357391801480544 0.00457355473323378 0.000522473173677235 0.543860597921726 21983741.5205681 0.155733461611783 0.0201365865858462 0.175869932164545 2198369.35040261 0.00055008835225108 2.62413963989895
1 0.0407937721428856 2.77233162949841 0.0133530219991154 0.000522713690381041 0.0128135659666423 2.09085476152416 2218.85996159627 9985323.33781524 0.780022254540249 0.109988872729875 67.9596782515713 14677 1 0 0.800000000000044 0.0999999999999779 1000 1e-08 1 300.456962775089 0.99796441143229 0.495932966485397 0.00406703351460324 0.5 0.017888165932482 0.0357709121148677 0.00457285787171496 0.000522713690381041 0.554714990399067 21965535.0710271 0.15577548844552 0.0199488839539662 0.175724280568217 2196549.91553923 0.000529160467583615 2.62385085216007
1 0.0408005866999184 2.79972735270474 0.0133512232798481 0.000522945342700782 0.0128171035026275 2.09178137080313 2262.47659158868 9985596.07599503 0.780203603002135 0.109898198498933 68.6197817030493 14404 1 0 0.799999999999725 0.100000000000137 1000 1e-08 1 300.356605878872 0.998001876615033 0.496007745727127 0.00399225427287307 0.5 0.0179034323983669 0.0358016448116433 0.00457216780420774 0.000522945342700782 0.56561914789717 21947990.8232915 0.155815960732306 0.0197679867130144 0.175583926586332 2194799.03937973 0.000509315289573303 2.62357157293886
1 0.0408049680251842 2.8181301914761 0.013350033513005 0.000523094881295643 0.0128193920155212 2.09237952518257 2291.64839925022 9985772.92739467 0.780320599320593 0.109839700339704 69.0634088902309 14227 1 0 0.799999999999893 0.100000000000054 1000 1e-08 1 300.292109353036 0.998025857264608 0.496055611768755 0.00394438823124482 0.5 0.0179133347568336 0.0358215815267668 0.00457171136504534 0.000523094881295643 0.572912099812555 21936676.091352 0.155842086307679 0.0196513023656263 0.175493408730816 2193669.61201071 0.000496658129929049 2.62339054607692
1 0.0408113008565097 2.84594476531258 0.0133482619310756 0.000523311883904343 0.0128227200045468 2.09324753561737 2335.52146919261 9986030.91718709 0.780490281182287 0.109754859408857 69.7342330576222 13969 1 0 0.799999999999638 0.100000000000181 1000 1e-08 1 300.198921844167 0.998060372457247 0.496124507069498 0.00387549293050172 0.5 0.0179277789034283 0.0358506677356751 0.00457103173089908 0.000523311883904343 0.583880367298152 21920296.837538 0.155880001569007 0.0194823500316385 0.175362374700304 2192031.83873673 0.000478491266200672 2.62312657576856
1 0.0408173506651099 2.874013868051 0.0133465050961136 0.000523520167596249 0.0128259222871059 2.094080670385 2379.50106711226 9986280.36663424 0.780653037337021 0.10967348133149 70.4115730496851 13720 1 0 0.799999999999475 0.100000000000262 1000 1e-08 1 300.109939516894 0.998093184958413 0.496190005860428 0.00380999413957169 0.5 0.0179417356600117 0.0358787783247725 0.00457035776725951 0.000523520167596249 0.594875266778065 21904654.2977518 0.155916401998242 0.0193209356448336 0.175237234382015 2190461.26672217 0.000461260843472756 2.62287148209948
1 0.0408212287440464 2.89286920719188 0.0133453414863911 0.000523654204838753 0.0128279873230206 2.09461681935501 2408.86174568049 9986442.03245637 0.780757720183478 0.109621139908261 70.8667841757164 13558 1 0 0.799999999999552 0.100000000000224 1000 1e-08 1 300.052920422314 0.998114137577545 0.496231831632166 0.00376816836783437 0.5 0.0179507715844907 0.0358969810903593 0.00456991138610606 0.000523654204838753 0.602215436420123 21894507.7846215 0.155939834280102 0.0192162371970872 0.175156062276972 2189451.31845127 0.000450269678380256 2.62270624025768
1 0.0408268161938645 2.92136792882519 0.0133436065983915 0.000523848069608229 0.0128309801851988 2.09539227843292 2452.9360254987 9986677.74259556 0.780909050716355 0.109545474641823 71.5551248217149 13322 1 0 0.800000000000026 0.0999999999999872 1000 1e-08 1 299.970797147998 0.998144216666739 0.496291877265259 0.00370812273474104 0.5 0.0179639258697579 0.0359234852665335 0.00456924586319454 0.000523848069608229 0.613234006374675 21879870.2309409 0.155973740715609 0.0190651474574977 0.175038961847527 2187991.70681512 0.000434491801366156 2.6224654465509
1 0.040832131501208 2.95012768428637 0.0133418832227596 0.000524033347646371 0.0128338474720789 2.09613339058548 2497.01552014869 9986905.49611233 0.781053592844097 0.109473203577952 72.2501514328021 13095 1 0 0.800000000000684 0.0999999999996581 1000 1e-08 1 299.892705059993 0.998172714550335 0.496348768072784 0.0036512319272163 0.5 0.0179766045534795 0.0359490373040999 0.00456858476916567 0.000524033347646371 0.624253880037172 21866042.4582497 0.15600616838266 0.0189223146602509 0.174928339665998 2186598.07697934 0.000419524949909567 2.62223294720766
1 0.0408355256870121 2.96944708845146 0.0133407400458612 0.000524152118731688 0.0128356892659863 2.09660847492675 2526.38504286457 9987053.01437932 0.781146206484327 0.109426896757837 72.7172489760774 12947 1 0 0.800000000000966 0.0999999999995172 1000 1e-08 1 299.842853895236 0.998190855207769 0.496384983420417 0.00361501657958256 0.5 0.0179847949725849 0.0359655476822121 0.00456814624870559 0.000524152118731688 0.631596260716143 21857046.4737452 0.156026971522805 0.0188294044498655 0.174856371789961 2185705.43823905 0.000409976639380366 2.62208245404986
1 0.0408403955679175 2.99864737688993 0.0133390329474343 0.000524323187159902 0.0128383474221731 2.09729274863961 2570.38391745237 9987267.96634495 0.781279539419397 0.109360230290301 73.4235634888303 12732 1 0 0.80000000000099 0.0999999999995052 1000 1e-08 1 299.771350575538 0.998216808610198 0.496436796991928 0.00356320300807196 0.5 0.0179966907187147 0.0359895335267266 0.00456749141932499 0.000524323187159902 0.642595979363092 21844193.5533695 0.156056962336082 0.0186965762067957 0.174753548426956 2184420.84954087 0.000396268699585348 2.62186332347112
1 0.0408450028127846 3.02811529459621 0.0133373341169432 0.000524485789881781 0.0128408802488224 2.09794315952713 2614.27932606823 9987475.50501776 0.781406208014211 0.109296895992894 74.1367385497742 12524 1 0 0.799999999999062 0.100000000000469 1000 1e-08 1 299.703727021753 0.998241286459395 0.496485665992108 0.00351433400789189 0.5 0.0180081221334617 0.0360125883804669 0.00456683977370006 0.000524485789881781 0.653569831517058 21831928.0372303 0.156085507240215 0.0185697702719474 0.174655424297842 2183201.14300702 0.000383264170965976 2.6216519403159
1 0.0408479300024303 3.04791048842586 0.0133362055019187 0.000524589509668183 0.0128424992315883 2.09835803867273 2643.46456721668 9987609.84164176 0.78148697279106 0.10925651360447 74.6160328869668 12390 1 0 0.799999999995969 0.100000000002016 1000 1e-08 1 299.660774626717 0.998256803010458 0.49651664475666 0.00348335524333995 0.5 0.0180154872215572 0.0360274445265719 0.00456640686083636 0.000524589509668183 0.66086614180417 21824204.9782226 0.156103739611256 0.0184898529493904 0.17459363982578 2182423.86107895 0.000374967261128345 2.62151522670597
1 0.0408521065706239 3.07783000661982 0.0133345172447218 0.000524738095292213 0.0128448234214082 2.09895238116885 2687.09310188219 9987805.45247101 0.781602628190565 0.109198685904718 75.3407905978842 12195 1 0 0.799999999990295 0.100000000004853 1000 1e-08 1 299.599505341575 0.998278899939683 0.496560762064784 0.00343923793521616 0.5 0.0180261544838186 0.0360489668176406 0.00456575929112876 0.000524738095292213 0.671773275470546 21813172.7876244 0.156129899830148 0.0183756188268239 0.174505382300995 2181311.46096361 0.000363055452613872 2.62131633722485
1 0.0408560286457375 3.10802383443386 0.0133328331745519 0.000524878322193846 0.012847022571505 2.09951328877538 2730.5038456406 9987994.15417003 0.781711728099119 0.10914413595044 76.0725879987878 12006 1 0 0.799999999985708 0.100000000007146 1000 1e-08 1 299.541986517455 0.99829961199061 0.496602115300603 0.00339788469939653 0.5 0.0180363692495858 0.036069584325364 0.00456511333946889 0.000524878322193846 0.682625961410149 21802643.2913669 0.156154643410003 0.0182665498302689 0.174421146330936 2180262.98366987 0.000351754738573659 2.62112470724427
1 0.0408596989817307 3.13849450141253 0.0133311517738675 0.000525010228360878 0.012849096822657 2.10004091344351 2773.65294540653 9988176.12702719 0.781814310621708 0.109092844689146 76.8114934673361 11824 1 0 0.799999999983493 0.100000000008253 1000 1e-08 1 299.488174551983 0.998318969641498 0.496640765146061 0.00335923485393879 0.5 0.0180461358373567 0.0360893061851688 0.00456446842370706 0.000525010228360878 0.693413236351633 21792790.4515699 0.156177980662399 0.0181643819751556 0.17434232361256 2179278.09390723 0.000341033956462126 2.62094016046409
1 0.0408620073077262 3.15896333426646 0.0133300315645648 0.000525093561504414 0.0128504103469515 2.10037424601766 2802.25183839017 9988293.79101156 0.781879096429093 0.109060451785453 77.3080801067049 11706 1 0 0.799999999983481 0.100000000008259 1000 1e-08 1 299.454338876367 0.998331136514644 0.496665058134621 0.00333494186537853 0.5 0.0180524000343867 0.0361019607590949 0.00456403876439093 0.000525093561504414 0.700562959597543 21786524.3534813 0.156192762483689 0.0180993677145818 0.17429219482785 2178656.66682712 0.000334194345506564 2.62082097922668
1 0.0408652637792181 3.18990105779832 0.0133283511491425 0.000525211681443458 0.0128522767962788 2.10084672577383 2844.86654486059 9988464.93751871 0.781970897661464 0.109014551169268 78.0589861118316 11535 1 0 0.799999999985474 0.100000000007263 1000 1e-08 1 299.406614938085 0.998348299576557 0.496699327267404 0.00330067273259644 0.5 0.0180614292635093 0.0361202091127438 0.00456339424645878 0.000525211681443458 0.711216636215148 21777750.6846374 0.156213777869031 0.0180082080959996 0.174222005477099 2177777.04406715 0.000324375496689068 2.62064785850768
1 0.0408682750922457 3.22112243084584 0.0133266690454089 0.000525321576333324 0.0128540187993644 2.10128630533329 2887.10137609914 9988629.81377969 0.782056276044422 0.108971861977789 78.8171857895958 11370 1 0 0.799999999989419 0.100000000005291 1000 1e-08 1 299.362493975244 0.998364180584684 0.496731037074527 0.00326896292547248 0.5 0.0180700220302855 0.0361375861069916 0.004562749092952 0.000525321576333324 0.721775344024785 21769562.4324148 0.156233412699017 0.0179230280485541 0.174156499459318 2176960.17882885 0.000315061641117035 2.62048137786034
1 0.040871043538809 3.25263003956 0.013324984250246 0.000525423284199207 0.0128556366245039 2.10169313679683 2928.91197649763 9988788.58583698 0.782135267702524 0.108932366148738 79.5827499846308 11211 1 0 0.799999999999984 0.100000000000008 1000 1e-08 1 299.321940031568 0.998378803767187 0.496760235811599 0.00323976418840082 0.5 0.0180781818972381 0.0361540930343021 0.00456210291918247 0.000525423284199207 0.732227994124407 21761981.5918294 0.15625167669215 0.0178440442015539 0.174095852734635 2176205.75122946 0.000306227411488757 2.62032135597339
1 0.0408727552460288 3.27379540995944 0.0133238586622935 0.000525486556578869 0.0128566462773494 2.10194622631548 2956.5282296703 9988891.1213747 0.78218439566778 0.10890780216611 80.0972528094379 11109 1 0 0.799999999999999 0.1 1000 1e-08 1 299.296869991913 0.998387864781027 0.496778328542018 0.00322167145798169 0.5 0.0180833834997231 0.036164620829117 0.00456167122627158 0.000525486556578869 0.739132057417575 21757383.0056695 0.156263095303274 0.0177960076292009 0.174059064045356 2175737.35621098 0.000300592526432014 2.62021818833326
1 0.0408751233705183 3.30578584199093 0.0133221651892746 0.000525574690357902 0.0128580575915027 2.10229876143161 2997.53383862536 9989040.07221681 0.782252811109621 0.10887359444519 80.8752505044491 10960 1 0 0.799999999999996 0.100000000000002 1000 1e-08 1 299.262191113542 0.998400440133358 0.496803438858484 0.00319656114151603 0.5 0.0180908320410608 0.0361797037374456 0.00456102174444344 0.000525574690357902 0.749383459656339 21750865.6354912 0.156279093535565 0.0177278549105752 0.174006925083929 2175086.39543856 0.000292505195890261 2.62006860163164
1 0.0408772538123583 3.33806945324659 0.0133204641084787 0.000525654723313208 0.0128593453397373 2.10261889325283 3037.99839622917 9989183.33658039 0.782314921797034 0.108842539101483 81.6608050181052 10817 1 0 0.799999999999991 0.100000000000004 1000 1e-08 1 299.230998016186 0.998411813458127 0.496826149252746 0.0031738507472538 0.5 0.0180978597819485 0.0361939443956261 0.00456036935710098 0.000525654723313208 0.759499599057291 21745016.5289225 0.156293743615462 0.0176664985576169 0.17396013223138 2174497.15580727 0.000284836580112456 2.61992507842488
1 0.0408791483135608 3.37064887607676 0.0133187536241938 0.000525726687919063 0.0128605098101974 2.10290675167625 3077.87915373684 9989321.06484457 0.782370757649257 0.108814621175371 82.4539897510197 10679 1 0 0.799999999999994 0.100000000000003 1000 1e-08 1 299.203263566086 0.99842200291195 0.49684649589871 0.00315350410129028 0.5 0.0181044712019049 0.0362073517424775 0.00455971337574953 0.000525726687919063 0.769469788434209 21739694.4427914 0.156307053798083 0.0176105231310228 0.173917555542331 2173969.37494044 0.000277566067334672 2.61978747333636
1 0.040880808506768 3.40352675816207 0.0133170318991492 0.000525790616562472 0.0128615513187667 2.10316246624989 3117.13421234645 9989453.40400306 0.78242034801819 0.108789825990905 83.2548788167582 10547 1 0 0.800000000000001 0.0999999999999997 1000 1e-08 1 299.178962425402 0.99843102519195 0.496864512065848 0.00313548793415206 0.5 0.0181106708415511 0.0362199348493516 0.00455905309600956 0.000525790616562472 0.779283553086612 21735085.2217668 0.156319032177431 0.017561784137607 0.173880681774135 2173502.79513149 0.000270674158466843 2.61965564455675
1 0.0408822359228018 3.43670576295509 0.0133152970526691 0.000525846541739406 0.0128624702115698 2.10338616695763 3155.72270176167 9989580.49782645 0.782463721847358 0.108768139076321 84.0635470487633 10420 1 0 0.800000000000002 0.0999999999999989 1000 1e-08 1 299.158070936326 0.99843889558829 0.496880228223565 0.00311977177643509 0.5 0.0181164633154173 0.0362317029652706 0.00455838779691134 0.000525846541739406 0.788930675440418 21731045.3161491 0.156329686720461 0.0175188432049623 0.173848362529193 2173097.16180338 0.000264142401808097 2.61952945373517
1 0.0408834319976904 3.47018857010458 0.013313547153502 0.000525894496228599 0.0128632668670847 2.1035779849144 3193.6049597338 9989702.48700765 0.782500907813237 0.108749546093381 84.8800700073472 10298 1 0 0.799999999999998 0.100000000000001 1000 1e-08 1 299.140567013353 0.998445628034948 0.496893672142102 0.00310632785789817 0.5 0.0181218533316408 0.036242665638129 0.00455771673814748 0.000525894496228599 0.798401239933451 21727594.8958866 0.156339025297353 0.0174818992187132 0.173820759167093 2172752.22214001 0.000257953331665888 2.61940876605248
1 0.0408846692207399 3.51530955730229 0.0133111871021863 0.000525946094314831 0.0128641396479253 2.10378437725932 3242.95012253731 9989857.43642035 0.782540912947111 0.108729543526444 85.9811177222157 10143 1 0 0.800000000000092 0.0999999999999541 1000 1e-08 1 299.122462525205 0.998452856137514 0.49690810592916 0.00309189407084015 0.5 0.0181284223163922 0.0362560468126167 0.00455681171618989 0.000525946094314831 0.810737530634327 21723927.8269536 0.156349443170157 0.0174421295411287 0.173791422615629 2172386.27791248 0.00025020584829015 2.61925618300575
1 0.0408853306267503 3.54951175382098 0.0133093943845301 0.00052597558185354 0.0128646527688688 2.10390232741416 3279.03839133731 9989968.04607994 0.782563772384833 0.108718113807583 86.8162663578564 10032 1 0 0.800000000000271 0.0999999999998645 1000 1e-08 1 299.112784736558 0.998456980382701 0.496916341674941 0.00308365832505895 0.5 0.0181328920668136 0.0362651680617347 0.0045561242685837 0.00052597558185354 0.819759597834328 21721817.6603639 0.156355741602885 0.0174188156820403 0.173774541282911 2172181.96593568 0.000244753558154295 2.61914782713467
1 0.0408857649323399 3.58402681208122 0.0133075800583538 0.000525997214304006 0.0128650452100984 2.10398885721603 3314.2992345584 9990074.0004963 0.782580541030586 0.108709729484707 87.6595269285601 9926 1 0 0.800000000000404 0.0999999999997978 1000 1e-08 1 299.106430169653 0.99846000412153 0.496922379830366 0.00307762016963413 0.5 0.0181369755772636 0.0362735155318233 0.00455542854869118 0.000525997214304006 0.828574808639599 21720364.9295784 0.15636075032488 0.0174021692858577 0.173762919436627 2172037.48425231 0.00023959211407825 2.61904454054297
1 0.0408859926900701 3.63053833305123 0.01330512375381 0.000526013902937606 0.0128653817194796 2.10405561175042 3359.97090618788 9990208.25481411 0.782593476643272 0.108703261678364 88.7966292165623 9792 1 0 0.800000000000456 0.0999999999997722 1000 1e-08 1 299.103097800428 0.998462338792027 0.496927041986045 0.00307295801395472 0.5 0.0181418283755598 0.0362834599944483 0.00455448667857072 0.000526013902937606 0.839992726546969 21719409.6962054 0.156365436210506 0.0173899318657716 0.173755277569643 2171937.44428882 0.000233138808859544 2.61891449726216
1 0.0408859014234046 3.66579416179384 0.013303250898666 0.000526017354216599 0.0128654948503957 2.1040694168664 3393.17882379871 9990303.84626702 0.78259615169757 0.108701924151215 89.6591253750712 9696 1 0 0.800000000000421 0.0999999999997897 1000 1e-08 1 299.104433134706 0.998462826787371 0.496928016476228 0.00307198352377189 0.5 0.0181450309442465 0.0362900431724692 0.00455376854933431 0.000526017354216599 0.848294705949678 21719277.4518074 0.15636746688756 0.0173866975927338 0.173754219614459 2171931.50188902 0.000228603424375294 2.61882256159055
1 0.040885432276994 3.71330351986615 0.0133007089186384 0.000526009948258155 0.0128654613382708 2.10403979303262 3436.00991031236 9990424.73922032 0.782590411372423 0.108704794313788 90.8221660641608 9575 1 0 0.800000000000312 0.099999999999844 1000 1e-08 1 299.111297417091 0.99846180556445 0.496925977171022 0.00307402282897836 0.5 0.0181487286867026 0.036297674563897 0.00455279387403798 0.000526009948258155 0.859002477578091 21720093.9585693 0.156368212129033 0.0173924448012868 0.173760751668555 2172015.13276866 0.000222939072461782 2.61870721495826
1 0.040884568256495 3.76139227881985 0.013298111093509 0.000525988916504972 0.012865218808356 2.10395566601989 3477.1359422581 9990538.39796275 0.782574109029332 0.108712945485334 92.0002934902539 9462 1 0 0.800000000000161 0.0999999999999197 1000 1e-08 1 299.123939889999 0.998458885048971 0.496920145133233 0.00307985486676674 0.5 0.0181517845379682 0.0363040203794758 0.00455179781426283 0.000525988916504972 0.869283985564525 21722090.3499351 0.156366733710181 0.0174101355400956 0.173776722799481 2172202.71245372 0.000217687250527252 2.61859987878511
1 0.040883311912776 3.81006724259209 0.0132954543791756 0.000525954379640968 0.0128647693896004 2.10381751856387 3516.5077387524 9990645.1098853 0.782547336141113 0.108726331929443 93.1937033555604 9355 1 0 0.800000000001695 0.0999999999991524 1000 1e-08 1 299.142324323143 0.998454075755342 0.496910541392453 0.00308945860754671 0.5 0.0181542095958685 0.0363090926753816 0.00455077920473611 0.000525954379640968 0.8791269346881 21724944.4095531 0.15636305434144 0.0174365418978254 0.173799555276425 2172493.39281332 0.00021282228414536 2.61850021323324
1 0.040881665222804 3.85933524002098 0.0132927277736593 0.000525906443266719 0.0128641150109846 2.10362577306688 3554.08460081583 9990745.14718896 0.78251017119011 0.108744914404945 94.4025939009014 9255 1 0 0.799999999999909 0.100000000000045 1000 1e-08 1 299.166423370169 0.998447384085794 0.496897178787765 0.00310282121223536 0.5 0.0181560262608567 0.0363129661464042 0.00454973382937626 0.000525906443266719 0.888521150203957 21728882.3074836 0.156357193908872 0.0174739201310569 0.173831058459869 2172886.45174537 0.000208320371640285 2.6184081309401
1 0.0408796311221748 3.90920326883058 0.0132899322546477 0.000525845261911719 0.0128632584853849 2.10338104764687 3589.83543090008 9990838.79343578 0.782462729337658 0.108768635331171 95.6271659386396 9161 1 0 0.79999999999988 0.10000000000006 1000 1e-08 1 299.196196131476 0.998438817146692 0.496880071585285 0.0031199284147146 0.5 0.0181572412882745 0.0363156240926358 0.00454866206543681 0.000525845261911718 0.89745885772502 21733758.5211993 0.156349179813686 0.0175208093432775 0.173870068169594 2173380.80275147 0.000204158808737937 2.6183231713899
1 0.0408765474666958 3.9723928251644 0.0132863306584382 0.000525750377543267 0.0128619076249437 2.10300151017307 3631.92357239914 9990947.27405836 0.782389135188848 0.108805432405576 97.1802432287345 9053 1 0 0.799999999999953 0.100000000000024 1000 1e-08 1 299.24133951305 0.998425476746506 0.496853432616487 0.003146567383513 0.5 0.0181579412968776 0.0363173054834244 0.00454728131131621 0.000525750377543267 0.907980893099785 21741440.0320162 0.156336171949358 0.0175954548389947 0.17393152025613 2174139.67659046 0.000199403445830932 2.61822666080011
1 0.0408728677544629 4.03654490812908 0.0132826012228114 0.000525635339701717 0.0128602510315495 2.10254135880687 3671.10331108337 9991046.71274164 0.782299880303309 0.108850059848346 98.7585439900611 8953 1 0 0.800000000000126 0.0999999999999369 1000 1e-08 1 299.295222279007 0.998409216593133 0.496820963778113 0.00317903622188702 0.5 0.0181577607667427 0.0363172214480088 0.004545851605008 0.000525635339701717 0.917775827770844 21750463.9141693 0.156319892949651 0.0176837048868603 0.174003711313354 2175053.06525909 0.000195108369330429 2.61814041756628
1 0.0408685979199909 4.10167375457187 0.0132787349432737 0.000525500503434847 0.0128582953705343 2.10200201373939 3707.37664798129 9991137.62548851 0.782195223423831 0.108902388288084 100.362477876089 8862 1 0 0.800000000000394 0.099999999999803 1000 1e-08 1 299.357764567231 0.998390039032403 0.496782670039123 0.00321732996087653 0.5 0.018156732243499 0.0363154365593071 0.00454436950086779 0.000525500503434847 0.926844161995322 21761099.8088528 0.156300402544545 0.017788245578758 0.174088798470823 2176118.49826128 0.000191237640045415 2.61806390490902
1 0.0408627044394398 4.18113815253706 0.0132739028093634 0.000525313122567604 0.0128555642553258 2.10125249027042 3747.10552641547 9991236.18289989 0.782049709275592 0.108975145362204 102.321620898433 8764 1 0 0.800000000000818 0.0999999999995912 1000 1e-08 1 299.444121376643 0.998363175995694 0.49672903118421 0.0032709688157901 0.5 0.0181544263552711 0.036311144217077 0.0045425172341288 0.000525313122567605 0.936776381603867 21775965.7369075 0.156272867042813 0.0179349337110773 0.17420772589526 2177593.83075925 0.000187105850920528 2.61798417013171
1 0.0408547837473684 4.27568500539852 0.0132679827477163 0.000525060210055785 0.0128518660948635 2.10024084022314 3788.33214333503 9991337.73176142 0.781853169990171 0.109073415004915 104.655675864982 8662 1 0 0.800000000001604 0.0999999999991982 1000 1e-08 1 299.560241663005 0.99832652773904 0.496655855987489 0.00334414401251111 0.5 0.0181503354499903 0.0363033241048809 0.00454024807500417 0.000525060210055785 0.947083035833759 21795730.3922078 0.156235181560401 0.0181305492868495 0.174365843137662 2179579.65374135 0.000182925211641192 2.61790659867929
1 0.0408457599000605 4.37225156920032 0.01326174044604 0.00052477164514289 0.0128476406468352 2.09908658057156 3824.24658031823 9991426.10064178 0.781628735136087 0.109185632431957 107.042972878902 8574 1 0 0.800000000002801 0.0999999999985997 1000 1e-08 1 299.692616944429 0.998284165013348 0.496571274116398 0.00342872588360249 0.5 0.0181448313721792 0.0362926645897775 0.00453785556240688 0.00052477164514289 0.956061645079556 21818425.100211 0.156191714905006 0.0183557289892741 0.174547400801688 2181841.35539146 0.000179358713998106 2.61784419874145
1 0.0408325802705037 4.49944596650071 0.0132532217474692 0.000524350684678494 0.0128414780845302 2.09740273871398 3863.08399904525 9991522.4831879 0.781300964690753 0.109349517654623 110.19254567537 8478 1 0 0.799999999999999 0.100000000000001 1000 1e-08 1 299.886113171967 0.998221315217947 0.496445794155448 0.0035542058445519 0.5 0.0181358362693164 0.0362750931498829 0.00453459083272815 0.000524350684678494 0.965770999761312 21851469.7708474 0.156127723096881 0.0186842480447158 0.174811758166779 2185137.32834384 0.000175559564621365 2.61778355960291
1 0.0408123536600374 4.67450824179962 0.0132409596256554 0.000523707766484346 0.0128320892945008 2.09483106593739 3903.26836092976 9991625.2182757 0.7807995394806 0.1096002302597 114.536600381781 8375 1 0 0.799999999999998 0.100000000000001 1000 1e-08 1 300.183434062692 0.998122911572095 0.496249346605155 0.00375065339484479 0.5 0.0181208523736833 0.0362456456631091 0.00452989200421656 0.000523707766484346 0.975817090232441 21901738.4929462 0.156029127381848 0.0191848805639483 0.17521390794357 2190169.84918328 0.000171646547454979 2.61773159308708
1 0.0407766973078189 4.94930757700224 0.0132206161908482 0.000522587454794567 0.0128158357419094 2.09034981917827 3943.01137090978 9991736.40054176 0.779923376123775 0.110038311938113 121.375881416792 8264 1 0 0.799999999999983 0.100000000000008 1000 1e-08 1 300.70864216768 0.997944409017038 0.495893043488366 0.00410695651163449 0.5 0.0180929883214429 0.0361905942463597 0.00452209783677124 0.000522587454794567 0.985752842727445 21989573.3691402 0.155855775736987 0.0200610056805673 0.175916586953122 2198948.61369242 0.000167660677201344 2.61769792644337
1 0.0402649102050253 8.05298204100506 0.0129778130458296 0.000508438610340411 0.0126273374943962 2.03375444136165 3982.2832127499 9992154.04812734 0.768591549584298 0.115704225207851 200 7846 1 0 0.799999999994785 0.100000000002608 1000 1e-08 1 308.401537508909 0.994876095594738 0.489778445585829 0.0102215544141707 0.5 0.0177102591019104 0.0354282301540244 0.0044292090998527 0.000508438610340411 0.995570803187476 23122708.0962547 0.153597703270704 0.031384 0.184981664770037 2312269.88459214 0.000157617154853061 2.61628382566912
