as Ls bs rhos al Ll bl rhol bt rhot Ne u C Ve h2s h2l prev Vas Va large.gamma
1 1e+05 0.256073262304727 0.371963368847637 30 209.174942038578 0.256073262304727 0 0.300000000124985 0.349999999937508 5000 1e-06 0.1 1955.49247006679 0.439503673945676 0.120992652108647 0.00620372022352194 1955.49247006679 538.335022339575 27.9762512223803
1 1e+05 0.256073262304727 0.371963368847637 30 209.174942038578 0.256073262304727 0 0.300000000124985 0.349999999937508 5000 1e-06 0.2 1955.49247006679 0.443084755722172 0.113830488555656 0.00286071036965517 1955.49247006679 502.374907644493 29.9787979009399
1 1e+05 0.256073262304727 0.371963368847637 30 209.174942038578 0.256073262304727 0 0.300000000124985 0.349999999937508 5000 1e-06 0.3 1955.49247006679 0.444970923767684 0.110058152464633 0.00182935302567028 1955.49247006679 483.667307049519 31.1383374631019
1 1e+05 0.256073262304727 0.371963368847637 30 209.174942038578 0.256073262304727 0 0.300000000124985 0.349999999937508 5000 1e-06 0.4 1955.49247006679 0.44623097486448 0.10753805027104 0.00133481725015032 1955.49247006679 471.257844918875 31.9582920245503
1 1e+05 0.256073262304727 0.371963368847637 30 209.174942038578 0.256073262304727 0 0.300000000124985 0.349999999937508 5000 1e-06 0.5 1955.49247006679 0.447168126316739 0.105663747366523 0.0010464147496795 1955.49247006679 462.073770857091 32.5934878295343
1 1e+05 0.256073262304727 0.371963368847637 30 209.174942038578 0.256073262304727 0 0.300000000124985 0.349999999937508 5000 1e-06 0.6 1955.49247006679 0.447909625296199 0.104180749407601 0.000858208836202134 1955.49247006679 454.834322566204 33.1122676534277
1 1e+05 0.256073262304727 0.371963368847637 30 209.174942038578 0.256073262304727 0 0.300000000124985 0.349999999937508 5000 1e-06 0.7 1955.49247006679 0.448520557238856 0.102958885522288 0.000726038863087725 1955.49247006679 448.887619788816 33.5509271426622
1 1e+05 0.256073262304727 0.371963368847637 30 209.174942038578 0.256073262304727 0 0.300000000124985 0.349999999937508 5000 1e-06 0.8 1955.49247006679 0.449038415829005 0.10192316834199 0.000628298727862355 1955.49247006679 443.859547852157 33.9309943869768
1 1e+05 0.256073262304727 0.371963368847637 30 209.174942038578 0.256073262304727 0 0.300000000124985 0.349999999937508 5000 1e-06 0.9 1955.49247006679 0.44948680352564 0.10102639294872 0.000553184244324134 1955.49247006679 439.515352040721 34.26637034827
